case	rep	j	r	k	guesses

0 	 0 	 192 	 4 	 3 	 [3, 5]
0 	 1 	 128 	 2 	 1 	 [1, 3]
0 	 2 	 0 	 0 	 0 	 [0, 0]
0 	 3 	 192 	 4 	 3 	 [3, 5]
0 	 4 	 192 	 4 	 3 	 [3, 5]
0 	 5 	 192 	 4 	 3 	 [3, 5]
0 	 6 	 128 	 2 	 1 	 [1, 3]
0 	 7 	 64 	 4 	 1 	 [3, 5]
0 	 8 	 64 	 4 	 1 	 [3, 5]
0 	 9 	 128 	 2 	 1 	 [1, 3]
0 	 10 	 128 	 2 	 1 	 [1, 3]
0 	 11 	 0 	 0 	 0 	 [0, 0]
0 	 12 	 128 	 2 	 1 	 [1, 3]
0 	 13 	 192 	 4 	 3 	 [3, 5]
0 	 14 	 128 	 2 	 1 	 [1, 3]
0 	 15 	 0 	 0 	 0 	 [0, 0]
0 	 16 	 128 	 2 	 1 	 [1, 3]
0 	 17 	 192 	 4 	 3 	 [3, 5]
0 	 18 	 128 	 2 	 1 	 [1, 3]
0 	 19 	 64 	 4 	 1 	 [3, 5]
0 	 20 	 64 	 4 	 1 	 [3, 5]
0 	 21 	 192 	 4 	 3 	 [3, 5]
0 	 22 	 192 	 4 	 3 	 [3, 5]
0 	 23 	 0 	 0 	 0 	 [0, 0]
0 	 24 	 192 	 4 	 3 	 [3, 5]
0 	 25 	 0 	 0 	 0 	 [0, 0]
0 	 26 	 192 	 4 	 3 	 [3, 5]
0 	 27 	 0 	 0 	 0 	 [0, 0]
0 	 28 	 128 	 2 	 1 	 [1, 3]
0 	 29 	 0 	 0 	 0 	 [0, 0]
0 	 30 	 192 	 4 	 3 	 [3, 5]
0 	 31 	 64 	 4 	 1 	 [3, 5]
0 	 32 	 0 	 0 	 0 	 [0, 0]
0 	 33 	 192 	 4 	 3 	 [3, 5]
0 	 34 	 0 	 0 	 0 	 [0, 0]
0 	 35 	 64 	 4 	 1 	 [3, 5]
0 	 36 	 192 	 4 	 3 	 [3, 5]
0 	 37 	 0 	 0 	 0 	 [0, 0]
0 	 38 	 192 	 4 	 3 	 [3, 5]
0 	 39 	 64 	 4 	 1 	 [3, 5]
0 	 40 	 0 	 0 	 0 	 [0, 0]
0 	 41 	 0 	 0 	 0 	 [0, 0]
0 	 42 	 64 	 4 	 1 	 [3, 5]
0 	 43 	 64 	 4 	 1 	 [3, 5]
0 	 44 	 64 	 4 	 1 	 [3, 5]
0 	 45 	 0 	 0 	 0 	 [0, 0]
0 	 46 	 64 	 4 	 1 	 [3, 5]
0 	 47 	 192 	 4 	 3 	 [3, 5]
0 	 48 	 64 	 4 	 1 	 [3, 5]
0 	 49 	 64 	 4 	 1 	 [3, 5]
1 	 0 	 16 	 15 	 1 	 [1, 3]
1 	 1 	 0 	 0 	 0 	 [0, 0]
1 	 2 	 64 	 4 	 1 	 [3, 5]
1 	 3 	 193 	 4 	 3 	 [3, 5]
1 	 4 	 112 	 9 	 4 	 [15, 1]
1 	 5 	 192 	 4 	 3 	 [3, 5]
1 	 6 	 192 	 4 	 3 	 [3, 5]
1 	 7 	 64 	 4 	 1 	 [3, 5]
1 	 8 	 128 	 2 	 1 	 [1, 3]
1 	 9 	 64 	 4 	 1 	 [3, 5]
1 	 10 	 64 	 4 	 1 	 [3, 5]
1 	 11 	 32 	 8 	 1 	 [15, 1]
1 	 12 	 136 	 15 	 8 	 [1, 3]
1 	 13 	 0 	 0 	 0 	 [0, 0]
1 	 14 	 64 	 4 	 1 	 [3, 5]
1 	 15 	 0 	 0 	 0 	 [0, 0]
1 	 16 	 0 	 0 	 0 	 [0, 0]
1 	 17 	 192 	 4 	 3 	 [3, 5]
1 	 18 	 128 	 2 	 1 	 [1, 3]
1 	 19 	 128 	 2 	 1 	 [1, 3]
1 	 20 	 160 	 8 	 5 	 [15, 1]
1 	 21 	 224 	 8 	 7 	 [15, 1]
1 	 22 	 64 	 4 	 1 	 [3, 5]
1 	 23 	 128 	 2 	 1 	 [1, 3]
1 	 24 	 0 	 0 	 0 	 [0, 0]
1 	 25 	 64 	 4 	 1 	 [3, 5]
1 	 26 	 192 	 4 	 3 	 [3, 5]
1 	 27 	 192 	 4 	 3 	 [3, 5]
1 	 28 	 1 	 1 	 0 	 [15, 1]
1 	 29 	 192 	 4 	 3 	 [3, 5]
1 	 30 	 192 	 4 	 3 	 [3, 5]
1 	 31 	 196 	 13 	 10 	 [3, 5]
1 	 32 	 193 	 4 	 3 	 [3, 5]
1 	 33 	 192 	 4 	 3 	 [3, 5]
1 	 34 	 96 	 8 	 3 	 [15, 1]
1 	 35 	 0 	 0 	 0 	 [0, 0]
1 	 36 	 64 	 4 	 1 	 [3, 5]
1 	 37 	 128 	 2 	 1 	 [1, 3]
1 	 38 	 129 	 2 	 1 	 [1, 3]
1 	 39 	 0 	 0 	 0 	 [0, 0]
1 	 40 	 193 	 4 	 3 	 [3, 5]
1 	 41 	 64 	 4 	 1 	 [3, 5]
1 	 42 	 128 	 2 	 1 	 [1, 3]
1 	 43 	 192 	 4 	 3 	 [3, 5]
1 	 44 	 96 	 8 	 3 	 [15, 1]
1 	 45 	 144 	 9 	 5 	 [15, 1]
1 	 46 	 0 	 0 	 0 	 [0, 0]
1 	 47 	 128 	 2 	 1 	 [1, 3]
1 	 48 	 192 	 4 	 3 	 [3, 5]
1 	 49 	 121 	 15 	 7 	 [1, 3]
2 	 0 	 64 	 4 	 1 	 [3, 5]
2 	 1 	 128 	 2 	 1 	 [1, 3]
2 	 2 	 96 	 8 	 3 	 [15, 1]
2 	 3 	 0 	 0 	 0 	 [0, 0]
2 	 4 	 128 	 2 	 1 	 [1, 3]
2 	 5 	 66 	 4 	 1 	 [3, 5]
2 	 6 	 160 	 8 	 5 	 [15, 1]
2 	 7 	 160 	 8 	 5 	 [15, 1]
2 	 8 	 64 	 4 	 1 	 [3, 5]
2 	 9 	 64 	 4 	 1 	 [3, 5]
2 	 10 	 96 	 8 	 3 	 [15, 1]
2 	 11 	 128 	 2 	 1 	 [1, 3]
2 	 12 	 0 	 0 	 0 	 [0, 0]
2 	 13 	 64 	 4 	 1 	 [3, 5]
2 	 14 	 0 	 0 	 0 	 [0, 0]
2 	 15 	 192 	 4 	 3 	 [3, 5]
2 	 16 	 69 	 15 	 4 	 [1, 3]
2 	 17 	 2 	 1 	 0 	 [15, 1]
2 	 18 	 4 	 1 	 0 	 [15, 1]
2 	 19 	 64 	 4 	 1 	 [3, 5]
2 	 20 	 196 	 13 	 10 	 [3, 5]
2 	 21 	 0 	 0 	 0 	 [0, 0]
2 	 22 	 0 	 0 	 0 	 [0, 0]
2 	 23 	 1 	 1 	 0 	 [15, 1]
2 	 24 	 162 	 11 	 7 	 [1, 3]
2 	 25 	 0 	 0 	 0 	 [0, 0]
2 	 26 	 1 	 1 	 0 	 [15, 1]
2 	 27 	 64 	 4 	 1 	 [3, 5]
2 	 28 	 80 	 13 	 4 	 [3, 5]
2 	 29 	 130 	 2 	 1 	 [1, 3]
2 	 30 	 148 	 12 	 7 	 [3, 5]
2 	 31 	 72 	 7 	 2 	 [1, 3]
2 	 32 	 0 	 0 	 0 	 [0, 0]
2 	 33 	 224 	 8 	 7 	 [15, 1]
2 	 34 	 192 	 4 	 3 	 [3, 5]
2 	 35 	 128 	 2 	 1 	 [1, 3]
2 	 36 	 64 	 4 	 1 	 [3, 5]
2 	 37 	 0 	 0 	 0 	 [0, 0]
2 	 38 	 192 	 4 	 3 	 [3, 5]
2 	 39 	 98 	 13 	 5 	 [3, 5]
2 	 40 	 144 	 9 	 5 	 [15, 1]
2 	 41 	 132 	 2 	 1 	 [1, 3]
2 	 42 	 224 	 8 	 7 	 [15, 1]
2 	 43 	 0 	 0 	 0 	 [0, 0]
2 	 44 	 48 	 11 	 2 	 [1, 3]
2 	 45 	 176 	 13 	 9 	 [3, 5]
2 	 46 	 16 	 15 	 1 	 [1, 3]
2 	 47 	 128 	 2 	 1 	 [1, 3]
2 	 48 	 194 	 4 	 3 	 [3, 5]
2 	 49 	 16 	 15 	 1 	 [1, 3]
3 	 0 	 196 	 13 	 10 	 [3, 5]
3 	 1 	 224 	 8 	 7 	 [15, 1]
3 	 2 	 64 	 4 	 1 	 [3, 5]
3 	 3 	 224 	 8 	 7 	 [15, 1]
3 	 4 	 4 	 1 	 0 	 [15, 1]
3 	 5 	 16 	 15 	 1 	 [1, 3]
3 	 6 	 214 	 6 	 5 	 [1, 3]
3 	 7 	 128 	 2 	 1 	 [1, 3]
3 	 8 	 130 	 2 	 1 	 [1, 3]
3 	 9 	 128 	 2 	 1 	 [1, 3]
3 	 10 	 112 	 9 	 4 	 [15, 1]
3 	 11 	 81 	 13 	 4 	 [3, 5]
3 	 12 	 0 	 0 	 0 	 [0, 0]
3 	 13 	 128 	 2 	 1 	 [1, 3]
3 	 14 	 248 	 1 	 1 	 [15, 1]
3 	 15 	 192 	 4 	 3 	 [3, 5]
3 	 16 	 131 	 2 	 1 	 [1, 3]
3 	 17 	 216 	 13 	 11 	 [3, 5]
3 	 18 	 240 	 15 	 14 	 [1, 3]
3 	 19 	 64 	 4 	 1 	 [3, 5]
3 	 20 	 193 	 4 	 3 	 [3, 5]
3 	 21 	 192 	 4 	 3 	 [3, 5]
3 	 22 	 96 	 8 	 3 	 [15, 1]
3 	 23 	 172 	 3 	 2 	 [1, 3]
3 	 24 	 208 	 11 	 9 	 [1, 3]
3 	 25 	 8 	 1 	 0 	 [15, 1]
3 	 26 	 96 	 8 	 3 	 [15, 1]
3 	 27 	 8 	 1 	 0 	 [15, 1]
3 	 28 	 64 	 4 	 1 	 [3, 5]
3 	 29 	 74 	 7 	 2 	 [1, 3]
3 	 30 	 128 	 2 	 1 	 [1, 3]
3 	 31 	 80 	 13 	 4 	 [3, 5]
3 	 32 	 224 	 8 	 7 	 [15, 1]
3 	 33 	 0 	 0 	 0 	 [0, 0]
3 	 34 	 184 	 7 	 5 	 [1, 3]
3 	 35 	 196 	 13 	 10 	 [3, 5]
3 	 36 	 82 	 13 	 4 	 [3, 5]
3 	 37 	 8 	 1 	 0 	 [15, 1]
3 	 38 	 37 	 7 	 1 	 [1, 3]
3 	 39 	 68 	 15 	 4 	 [1, 3]
3 	 40 	 72 	 7 	 2 	 [1, 3]
3 	 41 	 32 	 8 	 1 	 [15, 1]
3 	 42 	 240 	 15 	 14 	 [1, 3]
3 	 43 	 2 	 1 	 0 	 [15, 1]
3 	 44 	 129 	 2 	 1 	 [1, 3]
3 	 45 	 16 	 15 	 1 	 [1, 3]
3 	 46 	 161 	 8 	 5 	 [15, 1]
3 	 47 	 0 	 0 	 0 	 [0, 0]
3 	 48 	 128 	 2 	 1 	 [1, 3]
3 	 49 	 136 	 15 	 8 	 [1, 3]
4 	 0 	 144 	 9 	 5 	 [15, 1]
4 	 1 	 192 	 4 	 3 	 [3, 5]
4 	 2 	 197 	 13 	 10 	 [3, 5]
4 	 3 	 76 	 10 	 3 	 [1, 3]
4 	 4 	 130 	 2 	 1 	 [1, 3]
4 	 5 	 144 	 9 	 5 	 [15, 1]
4 	 6 	 68 	 15 	 4 	 [1, 3]
4 	 7 	 112 	 9 	 4 	 [15, 1]
4 	 8 	 60 	 13 	 3 	 [3, 5]
4 	 9 	 32 	 8 	 1 	 [15, 1]
4 	 10 	 40 	 13 	 2 	 [3, 5]
4 	 11 	 0 	 0 	 0 	 [0, 0]
4 	 12 	 96 	 8 	 3 	 [15, 1]
4 	 13 	 80 	 13 	 4 	 [3, 5]
4 	 14 	 4 	 1 	 0 	 [15, 1]
4 	 15 	 50 	 5 	 1 	 [3, 5]
4 	 16 	 0 	 0 	 0 	 [0, 0]
4 	 17 	 70 	 11 	 3 	 [1, 3]
4 	 18 	 224 	 8 	 7 	 [15, 1]
4 	 19 	 17 	 15 	 1 	 [1, 3]
4 	 20 	 193 	 4 	 3 	 [3, 5]
4 	 21 	 128 	 2 	 1 	 [1, 3]
4 	 22 	 4 	 1 	 0 	 [15, 1]
4 	 23 	 224 	 8 	 7 	 [15, 1]
4 	 24 	 225 	 8 	 7 	 [15, 1]
4 	 25 	 169 	 3 	 2 	 [1, 3]
4 	 26 	 128 	 2 	 1 	 [1, 3]
4 	 27 	 98 	 13 	 5 	 [3, 5]
4 	 28 	 76 	 10 	 3 	 [1, 3]
4 	 29 	 208 	 11 	 9 	 [1, 3]
4 	 30 	 193 	 4 	 3 	 [3, 5]
4 	 31 	 12 	 15 	 1 	 [1, 3]
4 	 32 	 70 	 11 	 3 	 [1, 3]
4 	 33 	 130 	 2 	 1 	 [1, 3]
4 	 34 	 0 	 0 	 0 	 [0, 0]
4 	 35 	 129 	 2 	 1 	 [1, 3]
4 	 36 	 128 	 2 	 1 	 [1, 3]
4 	 37 	 168 	 3 	 2 	 [1, 3]
4 	 38 	 128 	 2 	 1 	 [1, 3]
4 	 39 	 2 	 1 	 0 	 [15, 1]
4 	 40 	 192 	 4 	 3 	 [3, 5]
4 	 41 	 0 	 0 	 0 	 [0, 0]
4 	 42 	 241 	 15 	 14 	 [1, 3]
4 	 43 	 208 	 11 	 9 	 [1, 3]
4 	 44 	 4 	 1 	 0 	 [15, 1]
4 	 45 	 101 	 5 	 2 	 [3, 5]
4 	 46 	 40 	 13 	 2 	 [3, 5]
4 	 47 	 228 	 9 	 8 	 [15, 1]
4 	 48 	 4 	 1 	 0 	 [15, 1]
4 	 49 	 224 	 8 	 7 	 [15, 1]
5 	 0 	 190 	 4 	 3 	 [3, 5]
5 	 1 	 1 	 1 	 0 	 [15, 1]
5 	 2 	 11 	 15 	 1 	 [1, 3]
5 	 3 	 64 	 4 	 1 	 [3, 5]
5 	 4 	 121 	 15 	 7 	 [1, 3]
5 	 5 	 33 	 8 	 1 	 [15, 1]
5 	 6 	 128 	 2 	 1 	 [1, 3]
5 	 7 	 8 	 1 	 0 	 [15, 1]
5 	 8 	 186 	 11 	 8 	 [1, 3]
5 	 9 	 23 	 11 	 1 	 [1, 3]
5 	 10 	 5 	 1 	 0 	 [15, 1]
5 	 11 	 193 	 4 	 3 	 [3, 5]
5 	 12 	 48 	 11 	 2 	 [1, 3]
5 	 13 	 180 	 10 	 7 	 [1, 3]
5 	 14 	 67 	 15 	 4 	 [1, 3]
5 	 15 	 161 	 8 	 5 	 [15, 1]
5 	 16 	 2 	 1 	 0 	 [15, 1]
5 	 17 	 72 	 7 	 2 	 [1, 3]
5 	 18 	 178 	 13 	 9 	 [3, 5]
5 	 19 	 1 	 1 	 0 	 [15, 1]
5 	 20 	 41 	 13 	 2 	 [3, 5]
5 	 21 	 128 	 2 	 1 	 [1, 3]
5 	 22 	 240 	 15 	 14 	 [1, 3]
5 	 23 	 160 	 8 	 5 	 [15, 1]
5 	 24 	 65 	 4 	 1 	 [3, 5]
5 	 25 	 133 	 15 	 8 	 [1, 3]
5 	 26 	 65 	 4 	 1 	 [3, 5]
5 	 27 	 192 	 4 	 3 	 [3, 5]
5 	 28 	 160 	 8 	 5 	 [15, 1]
5 	 29 	 62 	 4 	 1 	 [3, 5]
5 	 30 	 192 	 4 	 3 	 [3, 5]
5 	 31 	 72 	 7 	 2 	 [1, 3]
5 	 32 	 0 	 0 	 0 	 [0, 0]
5 	 33 	 0 	 0 	 0 	 [0, 0]
5 	 34 	 209 	 11 	 9 	 [1, 3]
5 	 35 	 0 	 0 	 0 	 [0, 0]
5 	 36 	 58 	 13 	 3 	 [3, 5]
5 	 37 	 55 	 14 	 3 	 [1, 3]
5 	 38 	 97 	 8 	 3 	 [15, 1]
5 	 39 	 141 	 9 	 5 	 [15, 1]
5 	 40 	 48 	 11 	 2 	 [1, 3]
5 	 41 	 8 	 1 	 0 	 [15, 1]
5 	 42 	 132 	 2 	 1 	 [1, 3]
5 	 43 	 2 	 1 	 0 	 [15, 1]
5 	 44 	 124 	 2 	 1 	 [1, 3]
5 	 45 	 146 	 7 	 4 	 [1, 3]
5 	 46 	 0 	 0 	 0 	 [0, 0]
5 	 47 	 240 	 15 	 14 	 [1, 3]
5 	 48 	 68 	 15 	 4 	 [1, 3]
5 	 49 	 74 	 7 	 2 	 [1, 3]
6 	 0 	 153 	 5 	 3 	 [3, 5]
6 	 1 	 253 	 1 	 1 	 [15, 1]
6 	 2 	 188 	 15 	 11 	 [1, 3]
6 	 3 	 196 	 13 	 10 	 [3, 5]
6 	 4 	 244 	 15 	 14 	 [1, 3]
6 	 5 	 85 	 3 	 1 	 [1, 3]
6 	 6 	 160 	 8 	 5 	 [15, 1]
6 	 7 	 216 	 13 	 11 	 [3, 5]
6 	 8 	 96 	 8 	 3 	 [15, 1]
6 	 9 	 251 	 1 	 1 	 [15, 1]
6 	 10 	 162 	 11 	 7 	 [1, 3]
6 	 11 	 192 	 4 	 3 	 [3, 5]
6 	 12 	 208 	 11 	 9 	 [1, 3]
6 	 13 	 197 	 13 	 10 	 [3, 5]
6 	 14 	 192 	 4 	 3 	 [3, 5]
6 	 15 	 19 	 13 	 1 	 [3, 5]
6 	 16 	 74 	 7 	 2 	 [1, 3]
6 	 17 	 1 	 1 	 0 	 [15, 1]
6 	 18 	 2 	 1 	 0 	 [15, 1]
6 	 19 	 140 	 11 	 6 	 [1, 3]
6 	 20 	 149 	 12 	 7 	 [3, 5]
6 	 21 	 128 	 2 	 1 	 [1, 3]
6 	 22 	 224 	 8 	 7 	 [15, 1]
6 	 23 	 16 	 15 	 1 	 [1, 3]
6 	 24 	 1 	 1 	 0 	 [15, 1]
6 	 25 	 52 	 5 	 1 	 [3, 5]
6 	 26 	 128 	 2 	 1 	 [1, 3]
6 	 27 	 144 	 9 	 5 	 [15, 1]
6 	 28 	 140 	 11 	 6 	 [1, 3]
6 	 29 	 4 	 1 	 0 	 [15, 1]
6 	 30 	 34 	 15 	 2 	 [1, 3]
6 	 31 	 210 	 11 	 9 	 [1, 3]
6 	 32 	 32 	 8 	 1 	 [15, 1]
6 	 33 	 40 	 13 	 2 	 [3, 5]
6 	 34 	 36 	 7 	 1 	 [1, 3]
6 	 35 	 32 	 8 	 1 	 [15, 1]
6 	 36 	 96 	 8 	 3 	 [15, 1]
6 	 37 	 112 	 9 	 4 	 [15, 1]
6 	 38 	 233 	 11 	 10 	 [1, 3]
6 	 39 	 161 	 8 	 5 	 [15, 1]
6 	 40 	 96 	 8 	 3 	 [15, 1]
6 	 41 	 85 	 3 	 1 	 [1, 3]
6 	 42 	 64 	 4 	 1 	 [3, 5]
6 	 43 	 114 	 9 	 4 	 [15, 1]
6 	 44 	 195 	 13 	 10 	 [3, 5]
6 	 45 	 0 	 0 	 0 	 [0, 0]
6 	 46 	 49 	 5 	 1 	 [3, 5]
6 	 47 	 187 	 15 	 11 	 [1, 3]
6 	 48 	 88 	 3 	 1 	 [1, 3]
6 	 49 	 197 	 13 	 10 	 [3, 5]
7 	 0 	 128 	 2 	 1 	 [1, 3]
7 	 1 	 229 	 10 	 9 	 [1, 3]
7 	 2 	 118 	 13 	 6 	 [3, 5]
7 	 3 	 138 	 13 	 7 	 [3, 5]
7 	 4 	 192 	 4 	 3 	 [3, 5]
7 	 5 	 132 	 2 	 1 	 [1, 3]
7 	 6 	 129 	 2 	 1 	 [1, 3]
7 	 7 	 192 	 4 	 3 	 [3, 5]
7 	 8 	 64 	 4 	 1 	 [3, 5]
7 	 9 	 116 	 11 	 5 	 [1, 3]
7 	 10 	 32 	 8 	 1 	 [15, 1]
7 	 11 	 42 	 6 	 1 	 [1, 3]
7 	 12 	 16 	 15 	 1 	 [1, 3]
7 	 13 	 192 	 4 	 3 	 [3, 5]
7 	 14 	 192 	 4 	 3 	 [3, 5]
7 	 15 	 196 	 13 	 10 	 [3, 5]
7 	 16 	 161 	 8 	 5 	 [15, 1]
7 	 17 	 146 	 7 	 4 	 [1, 3]
7 	 18 	 208 	 11 	 9 	 [1, 3]
7 	 19 	 68 	 15 	 4 	 [1, 3]
7 	 20 	 112 	 9 	 4 	 [15, 1]
7 	 21 	 198 	 13 	 10 	 [3, 5]
7 	 22 	 214 	 6 	 5 	 [1, 3]
7 	 23 	 32 	 8 	 1 	 [15, 1]
7 	 24 	 64 	 4 	 1 	 [3, 5]
7 	 25 	 0 	 0 	 0 	 [0, 0]
7 	 26 	 221 	 15 	 13 	 [1, 3]
7 	 27 	 0 	 0 	 0 	 [0, 0]
7 	 28 	 65 	 4 	 1 	 [3, 5]
7 	 29 	 64 	 4 	 1 	 [3, 5]
7 	 30 	 228 	 9 	 8 	 [15, 1]
7 	 31 	 32 	 8 	 1 	 [15, 1]
7 	 32 	 226 	 9 	 8 	 [15, 1]
7 	 33 	 195 	 13 	 10 	 [3, 5]
7 	 34 	 177 	 13 	 9 	 [3, 5]
7 	 35 	 194 	 4 	 3 	 [3, 5]
7 	 36 	 248 	 1 	 1 	 [15, 1]
7 	 37 	 5 	 1 	 0 	 [15, 1]
7 	 38 	 96 	 8 	 3 	 [15, 1]
7 	 39 	 176 	 13 	 9 	 [3, 5]
7 	 40 	 248 	 1 	 1 	 [15, 1]
7 	 41 	 104 	 5 	 2 	 [3, 5]
7 	 42 	 97 	 8 	 3 	 [15, 1]
7 	 43 	 13 	 15 	 1 	 [1, 3]
7 	 44 	 200 	 9 	 7 	 [15, 1]
7 	 45 	 66 	 4 	 1 	 [3, 5]
7 	 46 	 131 	 2 	 1 	 [1, 3]
7 	 47 	 40 	 13 	 2 	 [3, 5]
7 	 48 	 154 	 5 	 3 	 [3, 5]
7 	 49 	 129 	 2 	 1 	 [1, 3]
8 	 0 	 3 	 1 	 0 	 [15, 1]
8 	 1 	 69 	 15 	 4 	 [1, 3]
8 	 2 	 72 	 7 	 2 	 [1, 3]
8 	 3 	 112 	 9 	 4 	 [15, 1]
8 	 4 	 251 	 1 	 1 	 [15, 1]
8 	 5 	 114 	 9 	 4 	 [15, 1]
8 	 6 	 142 	 9 	 5 	 [15, 1]
8 	 7 	 92 	 14 	 5 	 [1, 3]
8 	 8 	 162 	 11 	 7 	 [1, 3]
8 	 9 	 51 	 5 	 1 	 [3, 5]
8 	 10 	 17 	 15 	 1 	 [1, 3]
8 	 11 	 64 	 4 	 1 	 [3, 5]
8 	 12 	 176 	 13 	 9 	 [3, 5]
8 	 13 	 18 	 14 	 1 	 [1, 3]
8 	 14 	 28 	 9 	 1 	 [15, 1]
8 	 15 	 199 	 9 	 7 	 [15, 1]
8 	 16 	 97 	 8 	 3 	 [15, 1]
8 	 17 	 176 	 13 	 9 	 [3, 5]
8 	 18 	 49 	 5 	 1 	 [3, 5]
8 	 19 	 213 	 6 	 5 	 [1, 3]
8 	 20 	 48 	 11 	 2 	 [1, 3]
8 	 21 	 13 	 15 	 1 	 [1, 3]
8 	 22 	 116 	 11 	 5 	 [1, 3]
8 	 23 	 247 	 15 	 14 	 [1, 3]
8 	 24 	 72 	 7 	 2 	 [1, 3]
8 	 25 	 148 	 12 	 7 	 [3, 5]
8 	 26 	 34 	 15 	 2 	 [1, 3]
8 	 27 	 136 	 15 	 8 	 [1, 3]
8 	 28 	 5 	 1 	 0 	 [15, 1]
8 	 29 	 67 	 15 	 4 	 [1, 3]
8 	 30 	 204 	 5 	 4 	 [3, 5]
8 	 31 	 192 	 4 	 3 	 [3, 5]
8 	 32 	 249 	 1 	 1 	 [15, 1]
8 	 33 	 229 	 10 	 9 	 [1, 3]
8 	 34 	 0 	 0 	 0 	 [0, 0]
8 	 35 	 208 	 11 	 9 	 [1, 3]
8 	 36 	 224 	 8 	 7 	 [15, 1]
8 	 37 	 152 	 5 	 3 	 [3, 5]
8 	 38 	 204 	 5 	 4 	 [3, 5]
8 	 39 	 18 	 14 	 1 	 [1, 3]
8 	 40 	 129 	 2 	 1 	 [1, 3]
8 	 41 	 185 	 11 	 8 	 [1, 3]
8 	 42 	 21 	 12 	 1 	 [3, 5]
8 	 43 	 194 	 4 	 3 	 [3, 5]
8 	 44 	 7 	 1 	 0 	 [15, 1]
8 	 45 	 192 	 4 	 3 	 [3, 5]
8 	 46 	 82 	 13 	 4 	 [3, 5]
8 	 47 	 205 	 5 	 4 	 [3, 5]
8 	 48 	 129 	 2 	 1 	 [1, 3]
8 	 49 	 176 	 13 	 9 	 [3, 5]
9 	 0 	 65 	 4 	 1 	 [3, 5]
9 	 1 	 6 	 1 	 0 	 [15, 1]
9 	 2 	 172 	 3 	 2 	 [1, 3]
9 	 3 	 96 	 8 	 3 	 [15, 1]
9 	 4 	 209 	 11 	 9 	 [1, 3]
9 	 5 	 180 	 10 	 7 	 [1, 3]
9 	 6 	 168 	 3 	 2 	 [1, 3]
9 	 7 	 192 	 4 	 3 	 [3, 5]
9 	 8 	 24 	 11 	 1 	 [1, 3]
9 	 9 	 135 	 15 	 8 	 [1, 3]
9 	 10 	 193 	 4 	 3 	 [3, 5]
9 	 11 	 208 	 11 	 9 	 [1, 3]
9 	 12 	 208 	 11 	 9 	 [1, 3]
9 	 13 	 0 	 0 	 0 	 [0, 0]
9 	 14 	 194 	 4 	 3 	 [3, 5]
9 	 15 	 50 	 5 	 1 	 [3, 5]
9 	 16 	 150 	 12 	 7 	 [3, 5]
9 	 17 	 99 	 13 	 5 	 [3, 5]
9 	 18 	 96 	 8 	 3 	 [15, 1]
9 	 19 	 127 	 2 	 1 	 [1, 3]
9 	 20 	 194 	 4 	 3 	 [3, 5]
9 	 21 	 32 	 8 	 1 	 [15, 1]
9 	 22 	 157 	 13 	 8 	 [3, 5]
9 	 23 	 180 	 10 	 7 	 [1, 3]
9 	 24 	 0 	 0 	 0 	 [0, 0]
9 	 25 	 178 	 13 	 9 	 [3, 5]
9 	 26 	 198 	 13 	 10 	 [3, 5]
9 	 27 	 34 	 15 	 2 	 [1, 3]
9 	 28 	 138 	 13 	 7 	 [3, 5]
9 	 29 	 140 	 11 	 6 	 [1, 3]
9 	 30 	 13 	 15 	 1 	 [1, 3]
9 	 31 	 168 	 3 	 2 	 [1, 3]
9 	 32 	 132 	 2 	 1 	 [1, 3]
9 	 33 	 8 	 1 	 0 	 [15, 1]
9 	 34 	 195 	 13 	 10 	 [3, 5]
9 	 35 	 201 	 14 	 11 	 [1, 3]
9 	 36 	 225 	 8 	 7 	 [15, 1]
9 	 37 	 134 	 15 	 8 	 [1, 3]
9 	 38 	 96 	 8 	 3 	 [15, 1]
9 	 39 	 68 	 15 	 4 	 [1, 3]
9 	 40 	 176 	 13 	 9 	 [3, 5]
9 	 41 	 129 	 2 	 1 	 [1, 3]
9 	 42 	 146 	 7 	 4 	 [1, 3]
9 	 43 	 12 	 15 	 1 	 [1, 3]
9 	 44 	 176 	 13 	 9 	 [3, 5]
9 	 45 	 236 	 13 	 12 	 [3, 5]
9 	 46 	 182 	 7 	 5 	 [1, 3]
9 	 47 	 184 	 7 	 5 	 [1, 3]
9 	 48 	 79 	 13 	 4 	 [3, 5]
9 	 49 	 116 	 11 	 5 	 [1, 3]
10 	 0 	 175 	 13 	 9 	 [3, 5]
10 	 1 	 58 	 13 	 3 	 [3, 5]
10 	 2 	 98 	 13 	 5 	 [3, 5]
10 	 3 	 128 	 2 	 1 	 [1, 3]
10 	 4 	 100 	 13 	 5 	 [3, 5]
10 	 5 	 134 	 15 	 8 	 [1, 3]
10 	 6 	 45 	 11 	 2 	 [1, 3]
10 	 7 	 95 	 8 	 3 	 [15, 1]
10 	 8 	 97 	 8 	 3 	 [15, 1]
10 	 9 	 28 	 9 	 1 	 [15, 1]
10 	 10 	 224 	 8 	 7 	 [15, 1]
10 	 11 	 164 	 14 	 9 	 [1, 3]
10 	 12 	 97 	 8 	 3 	 [15, 1]
10 	 13 	 144 	 9 	 5 	 [15, 1]
10 	 14 	 13 	 15 	 1 	 [1, 3]
10 	 15 	 252 	 1 	 1 	 [15, 1]
10 	 16 	 56 	 9 	 2 	 [15, 1]
10 	 17 	 98 	 13 	 5 	 [3, 5]
10 	 18 	 193 	 4 	 3 	 [3, 5]
10 	 19 	 149 	 12 	 7 	 [3, 5]
10 	 20 	 80 	 13 	 4 	 [3, 5]
10 	 21 	 173 	 3 	 2 	 [1, 3]
10 	 22 	 0 	 0 	 0 	 [0, 0]
10 	 23 	 245 	 15 	 14 	 [1, 3]
10 	 24 	 66 	 4 	 1 	 [3, 5]
10 	 25 	 170 	 3 	 2 	 [1, 3]
10 	 26 	 73 	 7 	 2 	 [1, 3]
10 	 27 	 40 	 13 	 2 	 [3, 5]
10 	 28 	 5 	 1 	 0 	 [15, 1]
10 	 29 	 128 	 2 	 1 	 [1, 3]
10 	 30 	 68 	 15 	 4 	 [1, 3]
10 	 31 	 209 	 11 	 9 	 [1, 3]
10 	 32 	 248 	 1 	 1 	 [15, 1]
10 	 33 	 69 	 15 	 4 	 [1, 3]
10 	 34 	 169 	 3 	 2 	 [1, 3]
10 	 35 	 196 	 13 	 10 	 [3, 5]
10 	 36 	 99 	 13 	 5 	 [3, 5]
10 	 37 	 216 	 13 	 11 	 [3, 5]
10 	 38 	 201 	 14 	 11 	 [1, 3]
10 	 39 	 236 	 13 	 12 	 [3, 5]
10 	 40 	 197 	 13 	 10 	 [3, 5]
10 	 41 	 65 	 4 	 1 	 [3, 5]
10 	 42 	 158 	 13 	 8 	 [3, 5]
10 	 43 	 192 	 4 	 3 	 [3, 5]
10 	 44 	 186 	 11 	 8 	 [1, 3]
10 	 45 	 24 	 11 	 1 	 [1, 3]
10 	 46 	 70 	 11 	 3 	 [1, 3]
10 	 47 	 215 	 13 	 11 	 [3, 5]
10 	 48 	 166 	 14 	 9 	 [1, 3]
10 	 49 	 102 	 5 	 2 	 [3, 5]
11 	 0 	 128 	 2 	 1 	 [1, 3]
11 	 1 	 11 	 15 	 1 	 [1, 3]
11 	 2 	 225 	 8 	 7 	 [15, 1]
11 	 3 	 235 	 12 	 11 	 [3, 5]
11 	 4 	 224 	 8 	 7 	 [15, 1]
11 	 5 	 244 	 15 	 14 	 [1, 3]
11 	 6 	 9 	 15 	 1 	 [1, 3]
11 	 7 	 28 	 9 	 1 	 [15, 1]
11 	 8 	 116 	 11 	 5 	 [1, 3]
11 	 9 	 100 	 13 	 5 	 [3, 5]
11 	 10 	 59 	 13 	 3 	 [3, 5]
11 	 11 	 84 	 3 	 1 	 [1, 3]
11 	 12 	 60 	 13 	 3 	 [3, 5]
11 	 13 	 182 	 7 	 5 	 [1, 3]
11 	 14 	 211 	 11 	 9 	 [1, 3]
11 	 15 	 133 	 15 	 8 	 [1, 3]
11 	 16 	 96 	 8 	 3 	 [15, 1]
11 	 17 	 135 	 15 	 8 	 [1, 3]
11 	 18 	 163 	 11 	 7 	 [1, 3]
11 	 19 	 70 	 11 	 3 	 [1, 3]
11 	 20 	 17 	 15 	 1 	 [1, 3]
11 	 21 	 160 	 8 	 5 	 [15, 1]
11 	 22 	 132 	 2 	 1 	 [1, 3]
11 	 23 	 24 	 11 	 1 	 [1, 3]
11 	 24 	 54 	 14 	 3 	 [1, 3]
11 	 25 	 113 	 9 	 4 	 [15, 1]
11 	 26 	 144 	 9 	 5 	 [15, 1]
11 	 27 	 69 	 15 	 4 	 [1, 3]
11 	 28 	 11 	 15 	 1 	 [1, 3]
11 	 29 	 20 	 13 	 1 	 [3, 5]
11 	 30 	 94 	 11 	 4 	 [1, 3]
11 	 31 	 227 	 9 	 8 	 [15, 1]
11 	 32 	 193 	 4 	 3 	 [3, 5]
11 	 33 	 214 	 6 	 5 	 [1, 3]
11 	 34 	 143 	 9 	 5 	 [15, 1]
11 	 35 	 196 	 13 	 10 	 [3, 5]
11 	 36 	 104 	 5 	 2 	 [3, 5]
11 	 37 	 100 	 13 	 5 	 [3, 5]
11 	 38 	 165 	 14 	 9 	 [1, 3]
11 	 39 	 10 	 15 	 1 	 [1, 3]
11 	 40 	 204 	 5 	 4 	 [3, 5]
11 	 41 	 2 	 1 	 0 	 [15, 1]
11 	 42 	 196 	 13 	 10 	 [3, 5]
11 	 43 	 62 	 4 	 1 	 [3, 5]
11 	 44 	 93 	 11 	 4 	 [1, 3]
11 	 45 	 48 	 11 	 2 	 [1, 3]
11 	 46 	 13 	 15 	 1 	 [1, 3]
11 	 47 	 213 	 6 	 5 	 [1, 3]
11 	 48 	 68 	 15 	 4 	 [1, 3]
11 	 49 	 194 	 4 	 3 	 [3, 5]
12 	 0 	 141 	 9 	 5 	 [15, 1]
12 	 1 	 3 	 1 	 0 	 [15, 1]
12 	 2 	 70 	 11 	 3 	 [1, 3]
12 	 3 	 81 	 13 	 4 	 [3, 5]
12 	 4 	 241 	 15 	 14 	 [1, 3]
12 	 5 	 172 	 3 	 2 	 [1, 3]
12 	 6 	 123 	 15 	 7 	 [1, 3]
12 	 7 	 218 	 13 	 11 	 [3, 5]
12 	 8 	 0 	 0 	 0 	 [0, 0]
12 	 9 	 211 	 11 	 9 	 [1, 3]
12 	 10 	 99 	 13 	 5 	 [3, 5]
12 	 11 	 51 	 5 	 1 	 [3, 5]
12 	 12 	 116 	 11 	 5 	 [1, 3]
12 	 13 	 158 	 13 	 8 	 [3, 5]
12 	 14 	 194 	 4 	 3 	 [3, 5]
12 	 15 	 84 	 3 	 1 	 [1, 3]
12 	 16 	 72 	 7 	 2 	 [1, 3]
12 	 17 	 192 	 4 	 3 	 [3, 5]
12 	 18 	 32 	 8 	 1 	 [15, 1]
12 	 19 	 200 	 9 	 7 	 [15, 1]
12 	 20 	 81 	 13 	 4 	 [3, 5]
12 	 21 	 254 	 1 	 1 	 [15, 1]
12 	 22 	 154 	 5 	 3 	 [3, 5]
12 	 23 	 228 	 9 	 8 	 [15, 1]
12 	 24 	 190 	 4 	 3 	 [3, 5]
12 	 25 	 186 	 11 	 8 	 [1, 3]
12 	 26 	 70 	 11 	 3 	 [1, 3]
12 	 27 	 49 	 5 	 1 	 [3, 5]
12 	 28 	 66 	 4 	 1 	 [3, 5]
12 	 29 	 95 	 8 	 3 	 [15, 1]
12 	 30 	 97 	 8 	 3 	 [15, 1]
12 	 31 	 244 	 15 	 14 	 [1, 3]
12 	 32 	 28 	 9 	 1 	 [15, 1]
12 	 33 	 100 	 13 	 5 	 [3, 5]
12 	 34 	 144 	 9 	 5 	 [15, 1]
12 	 35 	 154 	 5 	 3 	 [3, 5]
12 	 36 	 179 	 10 	 7 	 [1, 3]
12 	 37 	 69 	 15 	 4 	 [1, 3]
12 	 38 	 162 	 11 	 7 	 [1, 3]
12 	 39 	 242 	 15 	 14 	 [1, 3]
12 	 40 	 52 	 5 	 1 	 [3, 5]
12 	 41 	 229 	 10 	 9 	 [1, 3]
12 	 42 	 197 	 13 	 10 	 [3, 5]
12 	 43 	 206 	 5 	 4 	 [3, 5]
12 	 44 	 24 	 11 	 1 	 [1, 3]
12 	 45 	 81 	 13 	 4 	 [3, 5]
12 	 46 	 184 	 7 	 5 	 [1, 3]
12 	 47 	 48 	 11 	 2 	 [1, 3]
12 	 48 	 37 	 7 	 1 	 [1, 3]
12 	 49 	 32 	 8 	 1 	 [15, 1]
13 	 0 	 209 	 11 	 9 	 [1, 3]
13 	 1 	 155 	 5 	 3 	 [3, 5]
13 	 2 	 25 	 10 	 1 	 [1, 3]
13 	 3 	 113 	 9 	 4 	 [15, 1]
13 	 4 	 36 	 7 	 1 	 [1, 3]
13 	 5 	 89 	 14 	 5 	 [1, 3]
13 	 6 	 203 	 5 	 4 	 [3, 5]
13 	 7 	 53 	 5 	 1 	 [3, 5]
13 	 8 	 240 	 15 	 14 	 [1, 3]
13 	 9 	 64 	 4 	 1 	 [3, 5]
13 	 10 	 42 	 6 	 1 	 [1, 3]
13 	 11 	 136 	 15 	 8 	 [1, 3]
13 	 12 	 192 	 4 	 3 	 [3, 5]
13 	 13 	 78 	 13 	 4 	 [3, 5]
13 	 14 	 40 	 13 	 2 	 [3, 5]
13 	 15 	 50 	 5 	 1 	 [3, 5]
13 	 16 	 240 	 15 	 14 	 [1, 3]
13 	 17 	 179 	 10 	 7 	 [1, 3]
13 	 18 	 28 	 9 	 1 	 [15, 1]
13 	 19 	 76 	 10 	 3 	 [1, 3]
13 	 20 	 148 	 12 	 7 	 [3, 5]
13 	 21 	 67 	 15 	 4 	 [1, 3]
13 	 22 	 89 	 14 	 5 	 [1, 3]
13 	 23 	 101 	 5 	 2 	 [3, 5]
13 	 24 	 114 	 9 	 4 	 [15, 1]
13 	 25 	 102 	 5 	 2 	 [3, 5]
13 	 26 	 211 	 11 	 9 	 [1, 3]
13 	 27 	 247 	 15 	 14 	 [1, 3]
13 	 28 	 160 	 8 	 5 	 [15, 1]
13 	 29 	 245 	 15 	 14 	 [1, 3]
13 	 30 	 39 	 13 	 2 	 [3, 5]
13 	 31 	 36 	 7 	 1 	 [1, 3]
13 	 32 	 52 	 5 	 1 	 [3, 5]
13 	 33 	 149 	 12 	 7 	 [3, 5]
13 	 34 	 156 	 13 	 8 	 [3, 5]
13 	 35 	 100 	 13 	 5 	 [3, 5]
13 	 36 	 16 	 15 	 1 	 [1, 3]
13 	 37 	 168 	 3 	 2 	 [1, 3]
13 	 38 	 150 	 12 	 7 	 [3, 5]
13 	 39 	 83 	 3 	 1 	 [1, 3]
13 	 40 	 34 	 15 	 2 	 [1, 3]
13 	 41 	 162 	 11 	 7 	 [1, 3]
13 	 42 	 240 	 15 	 14 	 [1, 3]
13 	 43 	 220 	 7 	 6 	 [1, 3]
13 	 44 	 20 	 13 	 1 	 [3, 5]
13 	 45 	 66 	 4 	 1 	 [3, 5]
13 	 46 	 60 	 13 	 3 	 [3, 5]
13 	 47 	 124 	 2 	 1 	 [1, 3]
13 	 48 	 68 	 15 	 4 	 [1, 3]
13 	 49 	 71 	 11 	 3 	 [1, 3]
14 	 0 	 177 	 13 	 9 	 [3, 5]
14 	 1 	 202 	 14 	 11 	 [1, 3]
14 	 2 	 245 	 15 	 14 	 [1, 3]
14 	 3 	 188 	 15 	 11 	 [1, 3]
14 	 4 	 208 	 11 	 9 	 [1, 3]
14 	 5 	 44 	 6 	 1 	 [1, 3]
14 	 6 	 197 	 13 	 10 	 [3, 5]
14 	 7 	 202 	 14 	 11 	 [1, 3]
14 	 8 	 153 	 5 	 3 	 [3, 5]
14 	 9 	 91 	 14 	 5 	 [1, 3]
14 	 10 	 39 	 13 	 2 	 [3, 5]
14 	 11 	 148 	 12 	 7 	 [3, 5]
14 	 12 	 99 	 13 	 5 	 [3, 5]
14 	 13 	 166 	 14 	 9 	 [1, 3]
14 	 14 	 189 	 15 	 11 	 [1, 3]
14 	 15 	 67 	 15 	 4 	 [1, 3]
14 	 16 	 45 	 11 	 2 	 [1, 3]
14 	 17 	 128 	 2 	 1 	 [1, 3]
14 	 18 	 244 	 15 	 14 	 [1, 3]
14 	 19 	 164 	 14 	 9 	 [1, 3]
14 	 20 	 142 	 9 	 5 	 [15, 1]
14 	 21 	 111 	 7 	 3 	 [1, 3]
14 	 22 	 87 	 3 	 1 	 [1, 3]
14 	 23 	 40 	 13 	 2 	 [3, 5]
14 	 24 	 235 	 12 	 11 	 [3, 5]
14 	 25 	 81 	 13 	 4 	 [3, 5]
14 	 26 	 194 	 4 	 3 	 [3, 5]
14 	 27 	 81 	 13 	 4 	 [3, 5]
14 	 28 	 212 	 6 	 5 	 [1, 3]
14 	 29 	 95 	 8 	 3 	 [15, 1]
14 	 30 	 9 	 15 	 1 	 [1, 3]
14 	 31 	 81 	 13 	 4 	 [3, 5]
14 	 32 	 254 	 1 	 1 	 [15, 1]
14 	 33 	 84 	 3 	 1 	 [1, 3]
14 	 34 	 147 	 7 	 4 	 [1, 3]
14 	 35 	 243 	 15 	 14 	 [1, 3]
14 	 36 	 104 	 5 	 2 	 [3, 5]
14 	 37 	 8 	 1 	 0 	 [15, 1]
14 	 38 	 156 	 13 	 8 	 [3, 5]
14 	 39 	 230 	 10 	 9 	 [1, 3]
14 	 40 	 94 	 11 	 4 	 [1, 3]
14 	 41 	 193 	 4 	 3 	 [3, 5]
14 	 42 	 137 	 15 	 8 	 [1, 3]
14 	 43 	 201 	 14 	 11 	 [1, 3]
14 	 44 	 228 	 9 	 8 	 [15, 1]
14 	 45 	 245 	 15 	 14 	 [1, 3]
14 	 46 	 118 	 13 	 6 	 [3, 5]
14 	 47 	 77 	 10 	 3 	 [1, 3]
14 	 48 	 160 	 8 	 5 	 [15, 1]
14 	 49 	 210 	 11 	 9 	 [1, 3]
15 	 0 	 66 	 4 	 1 	 [3, 5]
15 	 1 	 56 	 9 	 2 	 [15, 1]
15 	 2 	 85 	 3 	 1 	 [1, 3]
15 	 3 	 152 	 5 	 3 	 [3, 5]
15 	 4 	 157 	 13 	 8 	 [3, 5]
15 	 5 	 229 	 10 	 9 	 [1, 3]
15 	 6 	 198 	 13 	 10 	 [3, 5]
15 	 7 	 216 	 13 	 11 	 [3, 5]
15 	 8 	 179 	 10 	 7 	 [1, 3]
15 	 9 	 203 	 5 	 4 	 [3, 5]
15 	 10 	 151 	 12 	 7 	 [3, 5]
15 	 11 	 54 	 14 	 3 	 [1, 3]
15 	 12 	 48 	 11 	 2 	 [1, 3]
15 	 13 	 150 	 12 	 7 	 [3, 5]
15 	 14 	 221 	 15 	 13 	 [1, 3]
15 	 15 	 239 	 15 	 14 	 [1, 3]
15 	 16 	 143 	 9 	 5 	 [15, 1]
15 	 17 	 85 	 3 	 1 	 [1, 3]
15 	 18 	 153 	 5 	 3 	 [3, 5]
15 	 19 	 220 	 7 	 6 	 [1, 3]
15 	 20 	 2 	 1 	 0 	 [15, 1]
15 	 21 	 80 	 13 	 4 	 [3, 5]
15 	 22 	 147 	 7 	 4 	 [1, 3]
15 	 23 	 244 	 15 	 14 	 [1, 3]
15 	 24 	 137 	 15 	 8 	 [1, 3]
15 	 25 	 105 	 12 	 5 	 [3, 5]
15 	 26 	 28 	 9 	 1 	 [15, 1]
15 	 27 	 171 	 3 	 2 	 [1, 3]
15 	 28 	 184 	 7 	 5 	 [1, 3]
15 	 29 	 193 	 4 	 3 	 [3, 5]
15 	 30 	 96 	 8 	 3 	 [15, 1]
15 	 31 	 163 	 11 	 7 	 [1, 3]
15 	 32 	 111 	 7 	 3 	 [1, 3]
15 	 33 	 113 	 9 	 4 	 [15, 1]
15 	 34 	 190 	 4 	 3 	 [3, 5]
15 	 35 	 28 	 9 	 1 	 [15, 1]
15 	 36 	 224 	 8 	 7 	 [15, 1]
15 	 37 	 77 	 10 	 3 	 [1, 3]
15 	 38 	 192 	 4 	 3 	 [3, 5]
15 	 39 	 241 	 15 	 14 	 [1, 3]
15 	 40 	 208 	 11 	 9 	 [1, 3]
15 	 41 	 116 	 11 	 5 	 [1, 3]
15 	 42 	 193 	 4 	 3 	 [3, 5]
15 	 43 	 201 	 14 	 11 	 [1, 3]
15 	 44 	 11 	 15 	 1 	 [1, 3]
15 	 45 	 117 	 11 	 5 	 [1, 3]
15 	 46 	 34 	 15 	 2 	 [1, 3]
15 	 47 	 73 	 7 	 2 	 [1, 3]
15 	 48 	 144 	 9 	 5 	 [15, 1]
15 	 49 	 240 	 15 	 14 	 [1, 3]
16 	 0 	 169 	 3 	 2 	 [1, 3]
16 	 1 	 181 	 10 	 7 	 [1, 3]
16 	 2 	 204 	 5 	 4 	 [3, 5]
16 	 3 	 20 	 13 	 1 	 [3, 5]
16 	 4 	 143 	 9 	 5 	 [15, 1]
16 	 5 	 224 	 8 	 7 	 [15, 1]
16 	 6 	 181 	 10 	 7 	 [1, 3]
16 	 7 	 218 	 13 	 11 	 [3, 5]
16 	 8 	 1 	 1 	 0 	 [15, 1]
16 	 9 	 64 	 4 	 1 	 [3, 5]
16 	 10 	 47 	 11 	 2 	 [1, 3]
16 	 11 	 89 	 14 	 5 	 [1, 3]
16 	 12 	 3 	 1 	 0 	 [15, 1]
16 	 13 	 241 	 15 	 14 	 [1, 3]
16 	 14 	 188 	 15 	 11 	 [1, 3]
16 	 15 	 224 	 8 	 7 	 [15, 1]
16 	 16 	 186 	 11 	 8 	 [1, 3]
16 	 17 	 19 	 13 	 1 	 [3, 5]
16 	 18 	 34 	 15 	 2 	 [1, 3]
16 	 19 	 80 	 13 	 4 	 [3, 5]
16 	 20 	 138 	 13 	 7 	 [3, 5]
16 	 21 	 88 	 3 	 1 	 [1, 3]
16 	 22 	 199 	 9 	 7 	 [15, 1]
16 	 23 	 209 	 11 	 9 	 [1, 3]
16 	 24 	 88 	 3 	 1 	 [1, 3]
16 	 25 	 135 	 15 	 8 	 [1, 3]
16 	 26 	 136 	 15 	 8 	 [1, 3]
16 	 27 	 221 	 15 	 13 	 [1, 3]
16 	 28 	 211 	 11 	 9 	 [1, 3]
16 	 29 	 21 	 12 	 1 	 [3, 5]
16 	 30 	 236 	 13 	 12 	 [3, 5]
16 	 31 	 33 	 8 	 1 	 [15, 1]
16 	 32 	 210 	 11 	 9 	 [1, 3]
16 	 33 	 139 	 11 	 6 	 [1, 3]
16 	 34 	 175 	 13 	 9 	 [3, 5]
16 	 35 	 34 	 15 	 2 	 [1, 3]
16 	 36 	 232 	 11 	 10 	 [1, 3]
16 	 37 	 96 	 8 	 3 	 [15, 1]
16 	 38 	 90 	 14 	 5 	 [1, 3]
16 	 39 	 131 	 2 	 1 	 [1, 3]
16 	 40 	 197 	 13 	 10 	 [3, 5]
16 	 41 	 140 	 11 	 6 	 [1, 3]
16 	 42 	 148 	 12 	 7 	 [3, 5]
16 	 43 	 212 	 6 	 5 	 [1, 3]
16 	 44 	 46 	 11 	 2 	 [1, 3]
16 	 45 	 247 	 15 	 14 	 [1, 3]
16 	 46 	 56 	 9 	 2 	 [15, 1]
16 	 47 	 185 	 11 	 8 	 [1, 3]
16 	 48 	 204 	 5 	 4 	 [3, 5]
16 	 49 	 225 	 8 	 7 	 [15, 1]
17 	 0 	 20 	 13 	 1 	 [3, 5]
17 	 1 	 233 	 11 	 10 	 [1, 3]
17 	 2 	 101 	 5 	 2 	 [3, 5]
17 	 3 	 64 	 4 	 1 	 [3, 5]
17 	 4 	 186 	 11 	 8 	 [1, 3]
17 	 5 	 52 	 5 	 1 	 [3, 5]
17 	 6 	 129 	 2 	 1 	 [1, 3]
17 	 7 	 167 	 14 	 9 	 [1, 3]
17 	 8 	 124 	 2 	 1 	 [1, 3]
17 	 9 	 25 	 10 	 1 	 [1, 3]
17 	 10 	 181 	 10 	 7 	 [1, 3]
17 	 11 	 66 	 4 	 1 	 [3, 5]
17 	 12 	 64 	 4 	 1 	 [3, 5]
17 	 13 	 20 	 13 	 1 	 [3, 5]
17 	 14 	 134 	 15 	 8 	 [1, 3]
17 	 15 	 48 	 11 	 2 	 [1, 3]
17 	 16 	 198 	 13 	 10 	 [3, 5]
17 	 17 	 76 	 10 	 3 	 [1, 3]
17 	 18 	 208 	 11 	 9 	 [1, 3]
17 	 19 	 161 	 8 	 5 	 [15, 1]
17 	 20 	 130 	 2 	 1 	 [1, 3]
17 	 21 	 112 	 9 	 4 	 [15, 1]
17 	 22 	 234 	 12 	 11 	 [3, 5]
17 	 23 	 237 	 13 	 12 	 [3, 5]
17 	 24 	 248 	 1 	 1 	 [15, 1]
17 	 25 	 93 	 11 	 4 	 [1, 3]
17 	 26 	 116 	 11 	 5 	 [1, 3]
17 	 27 	 1 	 1 	 0 	 [15, 1]
17 	 28 	 38 	 13 	 2 	 [3, 5]
17 	 29 	 63 	 4 	 1 	 [3, 5]
17 	 30 	 146 	 7 	 4 	 [1, 3]
17 	 31 	 44 	 6 	 1 	 [1, 3]
17 	 32 	 134 	 15 	 8 	 [1, 3]
17 	 33 	 146 	 7 	 4 	 [1, 3]
17 	 34 	 168 	 3 	 2 	 [1, 3]
17 	 35 	 146 	 7 	 4 	 [1, 3]
17 	 36 	 160 	 8 	 5 	 [15, 1]
17 	 37 	 165 	 14 	 9 	 [1, 3]
17 	 38 	 28 	 9 	 1 	 [15, 1]
17 	 39 	 128 	 2 	 1 	 [1, 3]
17 	 40 	 1 	 1 	 0 	 [15, 1]
17 	 41 	 32 	 8 	 1 	 [15, 1]
17 	 42 	 80 	 13 	 4 	 [3, 5]
17 	 43 	 30 	 9 	 1 	 [15, 1]
17 	 44 	 33 	 8 	 1 	 [15, 1]
17 	 45 	 181 	 10 	 7 	 [1, 3]
17 	 46 	 10 	 15 	 1 	 [1, 3]
17 	 47 	 73 	 7 	 2 	 [1, 3]
17 	 48 	 118 	 13 	 6 	 [3, 5]
17 	 49 	 239 	 15 	 14 	 [1, 3]
18 	 0 	 45 	 11 	 2 	 [1, 3]
18 	 1 	 149 	 12 	 7 	 [3, 5]
18 	 2 	 144 	 9 	 5 	 [15, 1]
18 	 3 	 45 	 11 	 2 	 [1, 3]
18 	 4 	 217 	 13 	 11 	 [3, 5]
18 	 5 	 220 	 7 	 6 	 [1, 3]
18 	 6 	 34 	 15 	 2 	 [1, 3]
18 	 7 	 200 	 9 	 7 	 [15, 1]
18 	 8 	 44 	 6 	 1 	 [1, 3]
18 	 9 	 33 	 8 	 1 	 [15, 1]
18 	 10 	 251 	 1 	 1 	 [15, 1]
18 	 11 	 164 	 14 	 9 	 [1, 3]
18 	 12 	 221 	 15 	 13 	 [1, 3]
18 	 13 	 76 	 10 	 3 	 [1, 3]
18 	 14 	 63 	 4 	 1 	 [3, 5]
18 	 15 	 245 	 15 	 14 	 [1, 3]
18 	 16 	 27 	 10 	 1 	 [1, 3]
18 	 17 	 252 	 1 	 1 	 [15, 1]
18 	 18 	 132 	 2 	 1 	 [1, 3]
18 	 19 	 228 	 9 	 8 	 [15, 1]
18 	 20 	 230 	 10 	 9 	 [1, 3]
18 	 21 	 122 	 15 	 7 	 [1, 3]
18 	 22 	 105 	 12 	 5 	 [3, 5]
18 	 23 	 225 	 8 	 7 	 [15, 1]
18 	 24 	 145 	 7 	 4 	 [1, 3]
18 	 25 	 212 	 6 	 5 	 [1, 3]
18 	 26 	 50 	 5 	 1 	 [3, 5]
18 	 27 	 43 	 6 	 1 	 [1, 3]
18 	 28 	 184 	 7 	 5 	 [1, 3]
18 	 29 	 81 	 13 	 4 	 [3, 5]
18 	 30 	 82 	 13 	 4 	 [3, 5]
18 	 31 	 248 	 1 	 1 	 [15, 1]
18 	 32 	 251 	 1 	 1 	 [15, 1]
18 	 33 	 57 	 9 	 2 	 [15, 1]
18 	 34 	 250 	 1 	 1 	 [15, 1]
18 	 35 	 87 	 3 	 1 	 [1, 3]
18 	 36 	 243 	 15 	 14 	 [1, 3]
18 	 37 	 34 	 15 	 2 	 [1, 3]
18 	 38 	 232 	 11 	 10 	 [1, 3]
18 	 39 	 96 	 8 	 3 	 [15, 1]
18 	 40 	 208 	 11 	 9 	 [1, 3]
18 	 41 	 208 	 11 	 9 	 [1, 3]
18 	 42 	 58 	 13 	 3 	 [3, 5]
18 	 43 	 108 	 12 	 5 	 [3, 5]
18 	 44 	 98 	 13 	 5 	 [3, 5]
18 	 45 	 243 	 15 	 14 	 [1, 3]
18 	 46 	 28 	 9 	 1 	 [15, 1]
18 	 47 	 114 	 9 	 4 	 [15, 1]
18 	 48 	 198 	 13 	 10 	 [3, 5]
18 	 49 	 93 	 11 	 4 	 [1, 3]
19 	 0 	 146 	 7 	 4 	 [1, 3]
19 	 1 	 229 	 10 	 9 	 [1, 3]
19 	 2 	 180 	 10 	 7 	 [1, 3]
19 	 3 	 254 	 1 	 1 	 [15, 1]
19 	 4 	 254 	 1 	 1 	 [15, 1]
19 	 5 	 27 	 10 	 1 	 [1, 3]
19 	 6 	 200 	 9 	 7 	 [15, 1]
19 	 7 	 180 	 10 	 7 	 [1, 3]
19 	 8 	 78 	 13 	 4 	 [3, 5]
19 	 9 	 215 	 13 	 11 	 [3, 5]
19 	 10 	 197 	 13 	 10 	 [3, 5]
19 	 11 	 86 	 3 	 1 	 [1, 3]
19 	 12 	 45 	 11 	 2 	 [1, 3]
19 	 13 	 216 	 13 	 11 	 [3, 5]
19 	 14 	 12 	 15 	 1 	 [1, 3]
19 	 15 	 22 	 12 	 1 	 [3, 5]
19 	 16 	 60 	 13 	 3 	 [3, 5]
19 	 17 	 247 	 15 	 14 	 [1, 3]
19 	 18 	 2 	 1 	 0 	 [15, 1]
19 	 19 	 61 	 13 	 3 	 [3, 5]
19 	 20 	 233 	 11 	 10 	 [1, 3]
19 	 21 	 136 	 15 	 8 	 [1, 3]
19 	 22 	 108 	 12 	 5 	 [3, 5]
19 	 23 	 193 	 4 	 3 	 [3, 5]
19 	 24 	 72 	 7 	 2 	 [1, 3]
19 	 25 	 225 	 8 	 7 	 [15, 1]
19 	 26 	 179 	 10 	 7 	 [1, 3]
19 	 27 	 169 	 3 	 2 	 [1, 3]
19 	 28 	 236 	 13 	 12 	 [3, 5]
19 	 29 	 55 	 14 	 3 	 [1, 3]
19 	 30 	 20 	 13 	 1 	 [3, 5]
19 	 31 	 130 	 2 	 1 	 [1, 3]
19 	 32 	 58 	 13 	 3 	 [3, 5]
19 	 33 	 200 	 9 	 7 	 [15, 1]
19 	 34 	 54 	 14 	 3 	 [1, 3]
19 	 35 	 148 	 12 	 7 	 [3, 5]
19 	 36 	 168 	 3 	 2 	 [1, 3]
19 	 37 	 247 	 15 	 14 	 [1, 3]
19 	 38 	 117 	 11 	 5 	 [1, 3]
19 	 39 	 70 	 11 	 3 	 [1, 3]
19 	 40 	 9 	 15 	 1 	 [1, 3]
19 	 41 	 221 	 15 	 13 	 [1, 3]
19 	 42 	 117 	 11 	 5 	 [1, 3]
19 	 43 	 58 	 13 	 3 	 [3, 5]
19 	 44 	 194 	 4 	 3 	 [3, 5]
19 	 45 	 133 	 15 	 8 	 [1, 3]
19 	 46 	 15 	 15 	 1 	 [1, 3]
19 	 47 	 68 	 15 	 4 	 [1, 3]
19 	 48 	 177 	 13 	 9 	 [3, 5]
19 	 49 	 78 	 13 	 4 	 [3, 5]
20 	 0 	 57 	 9 	 2 	 [15, 1]
20 	 1 	 106 	 12 	 5 	 [3, 5]
20 	 2 	 116 	 11 	 5 	 [1, 3]
20 	 3 	 185 	 11 	 8 	 [1, 3]
20 	 4 	 228 	 9 	 8 	 [15, 1]
20 	 5 	 171 	 3 	 2 	 [1, 3]
20 	 6 	 196 	 13 	 10 	 [3, 5]
20 	 7 	 37 	 7 	 1 	 [1, 3]
20 	 8 	 27 	 10 	 1 	 [1, 3]
20 	 9 	 116 	 11 	 5 	 [1, 3]
20 	 10 	 175 	 13 	 9 	 [3, 5]
20 	 11 	 26 	 10 	 1 	 [1, 3]
20 	 12 	 56 	 9 	 2 	 [15, 1]
20 	 13 	 61 	 13 	 3 	 [3, 5]
20 	 14 	 51 	 5 	 1 	 [3, 5]
20 	 15 	 176 	 13 	 9 	 [3, 5]
20 	 16 	 234 	 12 	 11 	 [3, 5]
20 	 17 	 121 	 15 	 7 	 [1, 3]
20 	 18 	 32 	 8 	 1 	 [15, 1]
20 	 19 	 66 	 4 	 1 	 [3, 5]
20 	 20 	 100 	 13 	 5 	 [3, 5]
20 	 21 	 66 	 4 	 1 	 [3, 5]
20 	 22 	 7 	 1 	 0 	 [15, 1]
20 	 23 	 226 	 9 	 8 	 [15, 1]
20 	 24 	 193 	 4 	 3 	 [3, 5]
20 	 25 	 68 	 15 	 4 	 [1, 3]
20 	 26 	 157 	 13 	 8 	 [3, 5]
20 	 27 	 138 	 13 	 7 	 [3, 5]
20 	 28 	 169 	 3 	 2 	 [1, 3]
20 	 29 	 127 	 2 	 1 	 [1, 3]
20 	 30 	 202 	 14 	 11 	 [1, 3]
20 	 31 	 72 	 7 	 2 	 [1, 3]
20 	 32 	 7 	 1 	 0 	 [15, 1]
20 	 33 	 75 	 10 	 3 	 [1, 3]
20 	 34 	 145 	 7 	 4 	 [1, 3]
20 	 35 	 154 	 5 	 3 	 [3, 5]
20 	 36 	 88 	 3 	 1 	 [1, 3]
20 	 37 	 252 	 1 	 1 	 [15, 1]
20 	 38 	 41 	 13 	 2 	 [3, 5]
20 	 39 	 230 	 10 	 9 	 [1, 3]
20 	 40 	 121 	 15 	 7 	 [1, 3]
20 	 41 	 1 	 1 	 0 	 [15, 1]
20 	 42 	 223 	 8 	 7 	 [15, 1]
20 	 43 	 18 	 14 	 1 	 [1, 3]
20 	 44 	 253 	 1 	 1 	 [15, 1]
20 	 45 	 70 	 11 	 3 	 [1, 3]
20 	 46 	 234 	 12 	 11 	 [3, 5]
20 	 47 	 164 	 14 	 9 	 [1, 3]
20 	 48 	 198 	 13 	 10 	 [3, 5]
20 	 49 	 193 	 4 	 3 	 [3, 5]
21 	 0 	 5 	 1 	 0 	 [15, 1]
21 	 1 	 44 	 6 	 1 	 [1, 3]
21 	 2 	 108 	 12 	 5 	 [3, 5]
21 	 3 	 140 	 11 	 6 	 [1, 3]
21 	 4 	 6 	 1 	 0 	 [15, 1]
21 	 5 	 115 	 9 	 4 	 [15, 1]
21 	 6 	 250 	 1 	 1 	 [15, 1]
21 	 7 	 233 	 11 	 10 	 [1, 3]
21 	 8 	 73 	 7 	 2 	 [1, 3]
21 	 9 	 141 	 9 	 5 	 [15, 1]
21 	 10 	 6 	 1 	 0 	 [15, 1]
21 	 11 	 107 	 12 	 5 	 [3, 5]
21 	 12 	 240 	 15 	 14 	 [1, 3]
21 	 13 	 65 	 4 	 1 	 [3, 5]
21 	 14 	 214 	 6 	 5 	 [1, 3]
21 	 15 	 18 	 14 	 1 	 [1, 3]
21 	 16 	 210 	 11 	 9 	 [1, 3]
21 	 17 	 155 	 5 	 3 	 [3, 5]
21 	 18 	 148 	 12 	 7 	 [3, 5]
21 	 19 	 152 	 5 	 3 	 [3, 5]
21 	 20 	 30 	 9 	 1 	 [15, 1]
21 	 21 	 98 	 13 	 5 	 [3, 5]
21 	 22 	 124 	 2 	 1 	 [1, 3]
21 	 23 	 216 	 13 	 11 	 [3, 5]
21 	 24 	 119 	 15 	 7 	 [1, 3]
21 	 25 	 212 	 6 	 5 	 [1, 3]
21 	 26 	 28 	 9 	 1 	 [15, 1]
21 	 27 	 78 	 13 	 4 	 [3, 5]
21 	 28 	 134 	 15 	 8 	 [1, 3]
21 	 29 	 137 	 15 	 8 	 [1, 3]
21 	 30 	 224 	 8 	 7 	 [15, 1]
21 	 31 	 138 	 13 	 7 	 [3, 5]
21 	 32 	 121 	 15 	 7 	 [1, 3]
21 	 33 	 151 	 12 	 7 	 [3, 5]
21 	 34 	 80 	 13 	 4 	 [3, 5]
21 	 35 	 37 	 7 	 1 	 [1, 3]
21 	 36 	 79 	 13 	 4 	 [3, 5]
21 	 37 	 14 	 15 	 1 	 [1, 3]
21 	 38 	 144 	 9 	 5 	 [15, 1]
21 	 39 	 72 	 7 	 2 	 [1, 3]
21 	 40 	 52 	 5 	 1 	 [3, 5]
21 	 41 	 183 	 7 	 5 	 [1, 3]
21 	 42 	 84 	 3 	 1 	 [1, 3]
21 	 43 	 80 	 13 	 4 	 [3, 5]
21 	 44 	 173 	 3 	 2 	 [1, 3]
21 	 45 	 195 	 13 	 10 	 [3, 5]
21 	 46 	 243 	 15 	 14 	 [1, 3]
21 	 47 	 213 	 6 	 5 	 [1, 3]
21 	 48 	 134 	 15 	 8 	 [1, 3]
21 	 49 	 184 	 7 	 5 	 [1, 3]
22 	 0 	 76 	 10 	 3 	 [1, 3]
22 	 1 	 76 	 10 	 3 	 [1, 3]
22 	 2 	 79 	 13 	 4 	 [3, 5]
22 	 3 	 109 	 7 	 3 	 [1, 3]
22 	 4 	 224 	 8 	 7 	 [15, 1]
22 	 5 	 19 	 13 	 1 	 [3, 5]
22 	 6 	 59 	 13 	 3 	 [3, 5]
22 	 7 	 81 	 13 	 4 	 [3, 5]
22 	 8 	 98 	 13 	 5 	 [3, 5]
22 	 9 	 89 	 14 	 5 	 [1, 3]
22 	 10 	 200 	 9 	 7 	 [15, 1]
22 	 11 	 222 	 15 	 13 	 [1, 3]
22 	 12 	 149 	 12 	 7 	 [3, 5]
22 	 13 	 191 	 4 	 3 	 [3, 5]
22 	 14 	 84 	 3 	 1 	 [1, 3]
22 	 15 	 12 	 15 	 1 	 [1, 3]
22 	 16 	 232 	 11 	 10 	 [1, 3]
22 	 17 	 23 	 11 	 1 	 [1, 3]
22 	 18 	 174 	 13 	 9 	 [3, 5]
22 	 19 	 8 	 1 	 0 	 [15, 1]
22 	 20 	 102 	 5 	 2 	 [3, 5]
22 	 21 	 186 	 11 	 8 	 [1, 3]
22 	 22 	 54 	 14 	 3 	 [1, 3]
22 	 23 	 150 	 12 	 7 	 [3, 5]
22 	 24 	 48 	 11 	 2 	 [1, 3]
22 	 25 	 196 	 13 	 10 	 [3, 5]
22 	 26 	 23 	 11 	 1 	 [1, 3]
22 	 27 	 178 	 13 	 9 	 [3, 5]
22 	 28 	 171 	 3 	 2 	 [1, 3]
22 	 29 	 149 	 12 	 7 	 [3, 5]
22 	 30 	 6 	 1 	 0 	 [15, 1]
22 	 31 	 62 	 4 	 1 	 [3, 5]
22 	 32 	 128 	 2 	 1 	 [1, 3]
22 	 33 	 19 	 13 	 1 	 [3, 5]
22 	 34 	 155 	 5 	 3 	 [3, 5]
22 	 35 	 251 	 1 	 1 	 [15, 1]
22 	 36 	 6 	 1 	 0 	 [15, 1]
22 	 37 	 193 	 4 	 3 	 [3, 5]
22 	 38 	 38 	 13 	 2 	 [3, 5]
22 	 39 	 52 	 5 	 1 	 [3, 5]
22 	 40 	 152 	 5 	 3 	 [3, 5]
22 	 41 	 83 	 3 	 1 	 [1, 3]
22 	 42 	 164 	 14 	 9 	 [1, 3]
22 	 43 	 135 	 15 	 8 	 [1, 3]
22 	 44 	 33 	 8 	 1 	 [15, 1]
22 	 45 	 44 	 6 	 1 	 [1, 3]
22 	 46 	 32 	 8 	 1 	 [15, 1]
22 	 47 	 30 	 9 	 1 	 [15, 1]
22 	 48 	 59 	 13 	 3 	 [3, 5]
22 	 49 	 66 	 4 	 1 	 [3, 5]
23 	 0 	 52 	 5 	 1 	 [3, 5]
23 	 1 	 213 	 6 	 5 	 [1, 3]
23 	 2 	 219 	 7 	 6 	 [1, 3]
23 	 3 	 150 	 12 	 7 	 [3, 5]
23 	 4 	 25 	 10 	 1 	 [1, 3]
23 	 5 	 5 	 1 	 0 	 [15, 1]
23 	 6 	 217 	 13 	 11 	 [3, 5]
23 	 7 	 122 	 15 	 7 	 [1, 3]
23 	 8 	 51 	 5 	 1 	 [3, 5]
23 	 9 	 155 	 5 	 3 	 [3, 5]
23 	 10 	 37 	 7 	 1 	 [1, 3]
23 	 11 	 143 	 9 	 5 	 [15, 1]
23 	 12 	 11 	 15 	 1 	 [1, 3]
23 	 13 	 255 	 1 	 1 	 [15, 1]
23 	 14 	 4 	 1 	 0 	 [15, 1]
23 	 15 	 183 	 7 	 5 	 [1, 3]
23 	 16 	 33 	 8 	 1 	 [15, 1]
23 	 17 	 2 	 1 	 0 	 [15, 1]
23 	 18 	 229 	 10 	 9 	 [1, 3]
23 	 19 	 232 	 11 	 10 	 [1, 3]
23 	 20 	 106 	 12 	 5 	 [3, 5]
23 	 21 	 186 	 11 	 8 	 [1, 3]
23 	 22 	 171 	 3 	 2 	 [1, 3]
23 	 23 	 121 	 15 	 7 	 [1, 3]
23 	 24 	 13 	 15 	 1 	 [1, 3]
23 	 25 	 25 	 10 	 1 	 [1, 3]
23 	 26 	 44 	 6 	 1 	 [1, 3]
23 	 27 	 99 	 13 	 5 	 [3, 5]
23 	 28 	 68 	 15 	 4 	 [1, 3]
23 	 29 	 73 	 7 	 2 	 [1, 3]
23 	 30 	 209 	 11 	 9 	 [1, 3]
23 	 31 	 162 	 11 	 7 	 [1, 3]
23 	 32 	 233 	 11 	 10 	 [1, 3]
23 	 33 	 201 	 14 	 11 	 [1, 3]
23 	 34 	 191 	 4 	 3 	 [3, 5]
23 	 35 	 121 	 15 	 7 	 [1, 3]
23 	 36 	 161 	 8 	 5 	 [15, 1]
23 	 37 	 35 	 15 	 2 	 [1, 3]
23 	 38 	 24 	 11 	 1 	 [1, 3]
23 	 39 	 72 	 7 	 2 	 [1, 3]
23 	 40 	 196 	 13 	 10 	 [3, 5]
23 	 41 	 11 	 15 	 1 	 [1, 3]
23 	 42 	 176 	 13 	 9 	 [3, 5]
23 	 43 	 232 	 11 	 10 	 [1, 3]
23 	 44 	 136 	 15 	 8 	 [1, 3]
23 	 45 	 226 	 9 	 8 	 [15, 1]
23 	 46 	 57 	 9 	 2 	 [15, 1]
23 	 47 	 208 	 11 	 9 	 [1, 3]
23 	 48 	 78 	 13 	 4 	 [3, 5]
23 	 49 	 168 	 3 	 2 	 [1, 3]
24 	 0 	 253 	 1 	 1 	 [15, 1]
24 	 1 	 165 	 14 	 9 	 [1, 3]
24 	 2 	 237 	 13 	 12 	 [3, 5]
24 	 3 	 112 	 9 	 4 	 [15, 1]
24 	 4 	 246 	 15 	 14 	 [1, 3]
24 	 5 	 207 	 5 	 4 	 [3, 5]
24 	 6 	 6 	 1 	 0 	 [15, 1]
24 	 7 	 92 	 14 	 5 	 [1, 3]
24 	 8 	 62 	 4 	 1 	 [3, 5]
24 	 9 	 50 	 5 	 1 	 [3, 5]
24 	 10 	 141 	 9 	 5 	 [15, 1]
24 	 11 	 152 	 5 	 3 	 [3, 5]
24 	 12 	 128 	 2 	 1 	 [1, 3]
24 	 13 	 77 	 10 	 3 	 [1, 3]
24 	 14 	 56 	 9 	 2 	 [15, 1]
24 	 15 	 31 	 8 	 1 	 [15, 1]
24 	 16 	 128 	 2 	 1 	 [1, 3]
24 	 17 	 189 	 15 	 11 	 [1, 3]
24 	 18 	 113 	 9 	 4 	 [15, 1]
24 	 19 	 66 	 4 	 1 	 [3, 5]
24 	 20 	 128 	 2 	 1 	 [1, 3]
24 	 21 	 233 	 11 	 10 	 [1, 3]
24 	 22 	 206 	 5 	 4 	 [3, 5]
24 	 23 	 236 	 13 	 12 	 [3, 5]
24 	 24 	 106 	 12 	 5 	 [3, 5]
24 	 25 	 197 	 13 	 10 	 [3, 5]
24 	 26 	 34 	 15 	 2 	 [1, 3]
24 	 27 	 204 	 5 	 4 	 [3, 5]
24 	 28 	 14 	 15 	 1 	 [1, 3]
24 	 29 	 170 	 3 	 2 	 [1, 3]
24 	 30 	 244 	 15 	 14 	 [1, 3]
24 	 31 	 196 	 13 	 10 	 [3, 5]
24 	 32 	 101 	 5 	 2 	 [3, 5]
24 	 33 	 240 	 15 	 14 	 [1, 3]
24 	 34 	 27 	 10 	 1 	 [1, 3]
24 	 35 	 86 	 3 	 1 	 [1, 3]
24 	 36 	 245 	 15 	 14 	 [1, 3]
24 	 37 	 160 	 8 	 5 	 [15, 1]
24 	 38 	 50 	 5 	 1 	 [3, 5]
24 	 39 	 116 	 11 	 5 	 [1, 3]
24 	 40 	 202 	 14 	 11 	 [1, 3]
24 	 41 	 83 	 3 	 1 	 [1, 3]
24 	 42 	 255 	 1 	 1 	 [15, 1]
24 	 43 	 10 	 15 	 1 	 [1, 3]
24 	 44 	 206 	 5 	 4 	 [3, 5]
24 	 45 	 133 	 15 	 8 	 [1, 3]
24 	 46 	 100 	 13 	 5 	 [3, 5]
24 	 47 	 212 	 6 	 5 	 [1, 3]
24 	 48 	 177 	 13 	 9 	 [3, 5]
24 	 49 	 198 	 13 	 10 	 [3, 5]
25 	 0 	 85 	 3 	 1 	 [1, 3]
25 	 1 	 69 	 15 	 4 	 [1, 3]
25 	 2 	 144 	 9 	 5 	 [15, 1]
25 	 3 	 192 	 4 	 3 	 [3, 5]
25 	 4 	 95 	 8 	 3 	 [15, 1]
25 	 5 	 101 	 5 	 2 	 [3, 5]
25 	 6 	 231 	 10 	 9 	 [1, 3]
25 	 7 	 98 	 13 	 5 	 [3, 5]
25 	 8 	 52 	 5 	 1 	 [3, 5]
25 	 9 	 176 	 13 	 9 	 [3, 5]
25 	 10 	 156 	 13 	 8 	 [3, 5]
25 	 11 	 46 	 11 	 2 	 [1, 3]
25 	 12 	 28 	 9 	 1 	 [15, 1]
25 	 13 	 12 	 15 	 1 	 [1, 3]
25 	 14 	 19 	 13 	 1 	 [3, 5]
25 	 15 	 98 	 13 	 5 	 [3, 5]
25 	 16 	 166 	 14 	 9 	 [1, 3]
25 	 17 	 184 	 7 	 5 	 [1, 3]
25 	 18 	 62 	 4 	 1 	 [3, 5]
25 	 19 	 164 	 14 	 9 	 [1, 3]
25 	 20 	 97 	 8 	 3 	 [15, 1]
25 	 21 	 188 	 15 	 11 	 [1, 3]
25 	 22 	 10 	 15 	 1 	 [1, 3]
25 	 23 	 116 	 11 	 5 	 [1, 3]
25 	 24 	 93 	 11 	 4 	 [1, 3]
25 	 25 	 129 	 2 	 1 	 [1, 3]
25 	 26 	 30 	 9 	 1 	 [15, 1]
25 	 27 	 19 	 13 	 1 	 [3, 5]
25 	 28 	 192 	 4 	 3 	 [3, 5]
25 	 29 	 88 	 3 	 1 	 [1, 3]
25 	 30 	 167 	 14 	 9 	 [1, 3]
25 	 31 	 140 	 11 	 6 	 [1, 3]
25 	 32 	 222 	 15 	 13 	 [1, 3]
25 	 33 	 185 	 11 	 8 	 [1, 3]
25 	 34 	 118 	 13 	 6 	 [3, 5]
25 	 35 	 246 	 15 	 14 	 [1, 3]
25 	 36 	 21 	 12 	 1 	 [3, 5]
25 	 37 	 185 	 11 	 8 	 [1, 3]
25 	 38 	 39 	 13 	 2 	 [3, 5]
25 	 39 	 109 	 7 	 3 	 [1, 3]
25 	 40 	 236 	 13 	 12 	 [3, 5]
25 	 41 	 239 	 15 	 14 	 [1, 3]
25 	 42 	 239 	 15 	 14 	 [1, 3]
25 	 43 	 202 	 14 	 11 	 [1, 3]
25 	 44 	 175 	 13 	 9 	 [3, 5]
25 	 45 	 23 	 11 	 1 	 [1, 3]
25 	 46 	 34 	 15 	 2 	 [1, 3]
25 	 47 	 96 	 8 	 3 	 [15, 1]
25 	 48 	 4 	 1 	 0 	 [15, 1]
25 	 49 	 5 	 1 	 0 	 [15, 1]
26 	 0 	 207 	 5 	 4 	 [3, 5]
26 	 1 	 140 	 11 	 6 	 [1, 3]
26 	 2 	 152 	 5 	 3 	 [3, 5]
26 	 3 	 32 	 8 	 1 	 [15, 1]
26 	 4 	 64 	 4 	 1 	 [3, 5]
26 	 5 	 12 	 15 	 1 	 [1, 3]
26 	 6 	 100 	 13 	 5 	 [3, 5]
26 	 7 	 96 	 8 	 3 	 [15, 1]
26 	 8 	 30 	 9 	 1 	 [15, 1]
26 	 9 	 243 	 15 	 14 	 [1, 3]
26 	 10 	 129 	 2 	 1 	 [1, 3]
26 	 11 	 124 	 2 	 1 	 [1, 3]
26 	 12 	 200 	 9 	 7 	 [15, 1]
26 	 13 	 250 	 1 	 1 	 [15, 1]
26 	 14 	 191 	 4 	 3 	 [3, 5]
26 	 15 	 198 	 13 	 10 	 [3, 5]
26 	 16 	 43 	 6 	 1 	 [1, 3]
26 	 17 	 255 	 1 	 1 	 [15, 1]
26 	 18 	 166 	 14 	 9 	 [1, 3]
26 	 19 	 129 	 2 	 1 	 [1, 3]
26 	 20 	 212 	 6 	 5 	 [1, 3]
26 	 21 	 94 	 11 	 4 	 [1, 3]
26 	 22 	 76 	 10 	 3 	 [1, 3]
26 	 23 	 139 	 11 	 6 	 [1, 3]
26 	 24 	 84 	 3 	 1 	 [1, 3]
26 	 25 	 236 	 13 	 12 	 [3, 5]
26 	 26 	 13 	 15 	 1 	 [1, 3]
26 	 27 	 217 	 13 	 11 	 [3, 5]
26 	 28 	 123 	 15 	 7 	 [1, 3]
26 	 29 	 141 	 9 	 5 	 [15, 1]
26 	 30 	 20 	 13 	 1 	 [3, 5]
26 	 31 	 168 	 3 	 2 	 [1, 3]
26 	 32 	 52 	 5 	 1 	 [3, 5]
26 	 33 	 140 	 11 	 6 	 [1, 3]
26 	 34 	 125 	 2 	 1 	 [1, 3]
26 	 35 	 29 	 9 	 1 	 [15, 1]
26 	 36 	 82 	 13 	 4 	 [3, 5]
26 	 37 	 196 	 13 	 10 	 [3, 5]
26 	 38 	 209 	 11 	 9 	 [1, 3]
26 	 39 	 120 	 15 	 7 	 [1, 3]
26 	 40 	 10 	 15 	 1 	 [1, 3]
26 	 41 	 67 	 15 	 4 	 [1, 3]
26 	 42 	 200 	 9 	 7 	 [15, 1]
26 	 43 	 178 	 13 	 9 	 [3, 5]
26 	 44 	 92 	 14 	 5 	 [1, 3]
26 	 45 	 2 	 1 	 0 	 [15, 1]
26 	 46 	 128 	 2 	 1 	 [1, 3]
26 	 47 	 145 	 7 	 4 	 [1, 3]
26 	 48 	 120 	 15 	 7 	 [1, 3]
26 	 49 	 71 	 11 	 3 	 [1, 3]
27 	 0 	 6 	 1 	 0 	 [15, 1]
27 	 1 	 140 	 11 	 6 	 [1, 3]
27 	 2 	 3 	 1 	 0 	 [15, 1]
27 	 3 	 125 	 2 	 1 	 [1, 3]
27 	 4 	 139 	 11 	 6 	 [1, 3]
27 	 5 	 91 	 14 	 5 	 [1, 3]
27 	 6 	 61 	 13 	 3 	 [3, 5]
27 	 7 	 206 	 5 	 4 	 [3, 5]
27 	 8 	 50 	 5 	 1 	 [3, 5]
27 	 9 	 51 	 5 	 1 	 [3, 5]
27 	 10 	 219 	 7 	 6 	 [1, 3]
27 	 11 	 184 	 7 	 5 	 [1, 3]
27 	 12 	 219 	 7 	 6 	 [1, 3]
27 	 13 	 192 	 4 	 3 	 [3, 5]
27 	 14 	 129 	 2 	 1 	 [1, 3]
27 	 15 	 126 	 2 	 1 	 [1, 3]
27 	 16 	 235 	 12 	 11 	 [3, 5]
27 	 17 	 209 	 11 	 9 	 [1, 3]
27 	 18 	 79 	 13 	 4 	 [3, 5]
27 	 19 	 112 	 9 	 4 	 [15, 1]
27 	 20 	 244 	 15 	 14 	 [1, 3]
27 	 21 	 247 	 15 	 14 	 [1, 3]
27 	 22 	 51 	 5 	 1 	 [3, 5]
27 	 23 	 188 	 15 	 11 	 [1, 3]
27 	 24 	 127 	 2 	 1 	 [1, 3]
27 	 25 	 196 	 13 	 10 	 [3, 5]
27 	 26 	 9 	 15 	 1 	 [1, 3]
27 	 27 	 73 	 7 	 2 	 [1, 3]
27 	 28 	 84 	 3 	 1 	 [1, 3]
27 	 29 	 93 	 11 	 4 	 [1, 3]
27 	 30 	 139 	 11 	 6 	 [1, 3]
27 	 31 	 146 	 7 	 4 	 [1, 3]
27 	 32 	 45 	 11 	 2 	 [1, 3]
27 	 33 	 80 	 13 	 4 	 [3, 5]
27 	 34 	 144 	 9 	 5 	 [15, 1]
27 	 35 	 203 	 5 	 4 	 [3, 5]
27 	 36 	 120 	 15 	 7 	 [1, 3]
27 	 37 	 147 	 7 	 4 	 [1, 3]
27 	 38 	 120 	 15 	 7 	 [1, 3]
27 	 39 	 104 	 5 	 2 	 [3, 5]
27 	 40 	 238 	 14 	 13 	 [1, 3]
27 	 41 	 130 	 2 	 1 	 [1, 3]
27 	 42 	 151 	 12 	 7 	 [3, 5]
27 	 43 	 23 	 11 	 1 	 [1, 3]
27 	 44 	 190 	 4 	 3 	 [3, 5]
27 	 45 	 88 	 3 	 1 	 [1, 3]
27 	 46 	 206 	 5 	 4 	 [3, 5]
27 	 47 	 97 	 8 	 3 	 [15, 1]
27 	 48 	 152 	 5 	 3 	 [3, 5]
27 	 49 	 198 	 13 	 10 	 [3, 5]
28 	 0 	 193 	 4 	 3 	 [3, 5]
28 	 1 	 233 	 11 	 10 	 [1, 3]
28 	 2 	 46 	 11 	 2 	 [1, 3]
28 	 3 	 179 	 10 	 7 	 [1, 3]
28 	 4 	 113 	 9 	 4 	 [15, 1]
28 	 5 	 37 	 7 	 1 	 [1, 3]
28 	 6 	 231 	 10 	 9 	 [1, 3]
28 	 7 	 114 	 9 	 4 	 [15, 1]
28 	 8 	 180 	 10 	 7 	 [1, 3]
28 	 9 	 90 	 14 	 5 	 [1, 3]
28 	 10 	 1 	 1 	 0 	 [15, 1]
28 	 11 	 246 	 15 	 14 	 [1, 3]
28 	 12 	 109 	 7 	 3 	 [1, 3]
28 	 13 	 40 	 13 	 2 	 [3, 5]
28 	 14 	 181 	 10 	 7 	 [1, 3]
28 	 15 	 31 	 8 	 1 	 [15, 1]
28 	 16 	 117 	 11 	 5 	 [1, 3]
28 	 17 	 57 	 9 	 2 	 [15, 1]
28 	 18 	 7 	 1 	 0 	 [15, 1]
28 	 19 	 31 	 8 	 1 	 [15, 1]
28 	 20 	 204 	 5 	 4 	 [3, 5]
28 	 21 	 190 	 4 	 3 	 [3, 5]
28 	 22 	 227 	 9 	 8 	 [15, 1]
28 	 23 	 124 	 2 	 1 	 [1, 3]
28 	 24 	 169 	 3 	 2 	 [1, 3]
28 	 25 	 33 	 8 	 1 	 [15, 1]
28 	 26 	 90 	 14 	 5 	 [1, 3]
28 	 27 	 34 	 15 	 2 	 [1, 3]
28 	 28 	 60 	 13 	 3 	 [3, 5]
28 	 29 	 226 	 9 	 8 	 [15, 1]
28 	 30 	 49 	 5 	 1 	 [3, 5]
28 	 31 	 157 	 13 	 8 	 [3, 5]
28 	 32 	 186 	 11 	 8 	 [1, 3]
28 	 33 	 179 	 10 	 7 	 [1, 3]
28 	 34 	 72 	 7 	 2 	 [1, 3]
28 	 35 	 214 	 6 	 5 	 [1, 3]
28 	 36 	 121 	 15 	 7 	 [1, 3]
28 	 37 	 63 	 4 	 1 	 [3, 5]
28 	 38 	 188 	 15 	 11 	 [1, 3]
28 	 39 	 90 	 14 	 5 	 [1, 3]
28 	 40 	 205 	 5 	 4 	 [3, 5]
28 	 41 	 190 	 4 	 3 	 [3, 5]
28 	 42 	 39 	 13 	 2 	 [3, 5]
28 	 43 	 110 	 7 	 3 	 [1, 3]
28 	 44 	 34 	 15 	 2 	 [1, 3]
28 	 45 	 134 	 15 	 8 	 [1, 3]
28 	 46 	 132 	 2 	 1 	 [1, 3]
28 	 47 	 123 	 15 	 7 	 [1, 3]
28 	 48 	 15 	 15 	 1 	 [1, 3]
28 	 49 	 201 	 14 	 11 	 [1, 3]
29 	 0 	 114 	 9 	 4 	 [15, 1]
29 	 1 	 104 	 5 	 2 	 [3, 5]
29 	 2 	 31 	 8 	 1 	 [15, 1]
29 	 3 	 225 	 8 	 7 	 [15, 1]
29 	 4 	 236 	 13 	 12 	 [3, 5]
29 	 5 	 252 	 1 	 1 	 [15, 1]
29 	 6 	 70 	 11 	 3 	 [1, 3]
29 	 7 	 241 	 15 	 14 	 [1, 3]
29 	 8 	 225 	 8 	 7 	 [15, 1]
29 	 9 	 55 	 14 	 3 	 [1, 3]
29 	 10 	 19 	 13 	 1 	 [3, 5]
29 	 11 	 202 	 14 	 11 	 [1, 3]
29 	 12 	 180 	 10 	 7 	 [1, 3]
29 	 13 	 103 	 5 	 2 	 [3, 5]
29 	 14 	 66 	 4 	 1 	 [3, 5]
29 	 15 	 207 	 5 	 4 	 [3, 5]
29 	 16 	 32 	 8 	 1 	 [15, 1]
29 	 17 	 149 	 12 	 7 	 [3, 5]
29 	 18 	 113 	 9 	 4 	 [15, 1]
29 	 19 	 69 	 15 	 4 	 [1, 3]
29 	 20 	 156 	 13 	 8 	 [3, 5]
29 	 21 	 136 	 15 	 8 	 [1, 3]
29 	 22 	 80 	 13 	 4 	 [3, 5]
29 	 23 	 244 	 15 	 14 	 [1, 3]
29 	 24 	 243 	 15 	 14 	 [1, 3]
29 	 25 	 98 	 13 	 5 	 [3, 5]
29 	 26 	 97 	 8 	 3 	 [15, 1]
29 	 27 	 70 	 11 	 3 	 [1, 3]
29 	 28 	 215 	 13 	 11 	 [3, 5]
29 	 29 	 55 	 14 	 3 	 [1, 3]
29 	 30 	 52 	 5 	 1 	 [3, 5]
29 	 31 	 27 	 10 	 1 	 [1, 3]
29 	 32 	 145 	 7 	 4 	 [1, 3]
29 	 33 	 190 	 4 	 3 	 [3, 5]
29 	 34 	 106 	 12 	 5 	 [3, 5]
29 	 35 	 205 	 5 	 4 	 [3, 5]
29 	 36 	 34 	 15 	 2 	 [1, 3]
29 	 37 	 88 	 3 	 1 	 [1, 3]
29 	 38 	 238 	 14 	 13 	 [1, 3]
29 	 39 	 93 	 11 	 4 	 [1, 3]
29 	 40 	 89 	 14 	 5 	 [1, 3]
29 	 41 	 175 	 13 	 9 	 [3, 5]
29 	 42 	 144 	 9 	 5 	 [15, 1]
29 	 43 	 8 	 1 	 0 	 [15, 1]
29 	 44 	 120 	 15 	 7 	 [1, 3]
29 	 45 	 215 	 13 	 11 	 [3, 5]
29 	 46 	 39 	 13 	 2 	 [3, 5]
29 	 47 	 30 	 9 	 1 	 [15, 1]
29 	 48 	 165 	 14 	 9 	 [1, 3]
29 	 49 	 52 	 5 	 1 	 [3, 5]
30 	 0 	 188 	 15 	 11 	 [1, 3]
30 	 1 	 235 	 12 	 11 	 [3, 5]
30 	 2 	 33 	 8 	 1 	 [15, 1]
30 	 3 	 125 	 2 	 1 	 [1, 3]
30 	 4 	 158 	 13 	 8 	 [3, 5]
30 	 5 	 168 	 3 	 2 	 [1, 3]
30 	 6 	 1 	 1 	 0 	 [15, 1]
30 	 7 	 162 	 11 	 7 	 [1, 3]
30 	 8 	 240 	 15 	 14 	 [1, 3]
30 	 9 	 14 	 15 	 1 	 [1, 3]
30 	 10 	 109 	 7 	 3 	 [1, 3]
30 	 11 	 53 	 5 	 1 	 [3, 5]
30 	 12 	 205 	 5 	 4 	 [3, 5]
30 	 13 	 59 	 13 	 3 	 [3, 5]
30 	 14 	 175 	 13 	 9 	 [3, 5]
30 	 15 	 114 	 9 	 4 	 [15, 1]
30 	 16 	 232 	 11 	 10 	 [1, 3]
30 	 17 	 100 	 13 	 5 	 [3, 5]
30 	 18 	 255 	 1 	 1 	 [15, 1]
30 	 19 	 100 	 13 	 5 	 [3, 5]
30 	 20 	 10 	 15 	 1 	 [1, 3]
30 	 21 	 130 	 2 	 1 	 [1, 3]
30 	 22 	 209 	 11 	 9 	 [1, 3]
30 	 23 	 130 	 2 	 1 	 [1, 3]
30 	 24 	 45 	 11 	 2 	 [1, 3]
30 	 25 	 240 	 15 	 14 	 [1, 3]
30 	 26 	 210 	 11 	 9 	 [1, 3]
30 	 27 	 66 	 4 	 1 	 [3, 5]
30 	 28 	 67 	 15 	 4 	 [1, 3]
30 	 29 	 135 	 15 	 8 	 [1, 3]
30 	 30 	 166 	 14 	 9 	 [1, 3]
30 	 31 	 166 	 14 	 9 	 [1, 3]
30 	 32 	 235 	 12 	 11 	 [3, 5]
30 	 33 	 102 	 5 	 2 	 [3, 5]
30 	 34 	 169 	 3 	 2 	 [1, 3]
30 	 35 	 128 	 2 	 1 	 [1, 3]
30 	 36 	 101 	 5 	 2 	 [3, 5]
30 	 37 	 14 	 15 	 1 	 [1, 3]
30 	 38 	 19 	 13 	 1 	 [3, 5]
30 	 39 	 92 	 14 	 5 	 [1, 3]
30 	 40 	 18 	 14 	 1 	 [1, 3]
30 	 41 	 195 	 13 	 10 	 [3, 5]
30 	 42 	 178 	 13 	 9 	 [3, 5]
30 	 43 	 237 	 13 	 12 	 [3, 5]
30 	 44 	 205 	 5 	 4 	 [3, 5]
30 	 45 	 85 	 3 	 1 	 [1, 3]
30 	 46 	 96 	 8 	 3 	 [15, 1]
30 	 47 	 46 	 11 	 2 	 [1, 3]
30 	 48 	 167 	 14 	 9 	 [1, 3]
30 	 49 	 198 	 13 	 10 	 [3, 5]
31 	 0 	 168 	 3 	 2 	 [1, 3]
31 	 1 	 133 	 15 	 8 	 [1, 3]
31 	 2 	 122 	 15 	 7 	 [1, 3]
31 	 3 	 8 	 1 	 0 	 [15, 1]
31 	 4 	 161 	 8 	 5 	 [15, 1]
31 	 5 	 152 	 5 	 3 	 [3, 5]
31 	 6 	 101 	 5 	 2 	 [3, 5]
31 	 7 	 221 	 15 	 13 	 [1, 3]
31 	 8 	 99 	 13 	 5 	 [3, 5]
31 	 9 	 62 	 4 	 1 	 [3, 5]
31 	 10 	 198 	 13 	 10 	 [3, 5]
31 	 11 	 75 	 10 	 3 	 [1, 3]
31 	 12 	 102 	 5 	 2 	 [3, 5]
31 	 13 	 80 	 13 	 4 	 [3, 5]
31 	 14 	 186 	 11 	 8 	 [1, 3]
31 	 15 	 195 	 13 	 10 	 [3, 5]
31 	 16 	 169 	 3 	 2 	 [1, 3]
31 	 17 	 124 	 2 	 1 	 [1, 3]
31 	 18 	 231 	 10 	 9 	 [1, 3]
31 	 19 	 101 	 5 	 2 	 [3, 5]
31 	 20 	 101 	 5 	 2 	 [3, 5]
31 	 21 	 68 	 15 	 4 	 [1, 3]
31 	 22 	 114 	 9 	 4 	 [15, 1]
31 	 23 	 158 	 13 	 8 	 [3, 5]
31 	 24 	 234 	 12 	 11 	 [3, 5]
31 	 25 	 0 	 0 	 0 	 [0, 0]
31 	 26 	 31 	 8 	 1 	 [15, 1]
31 	 27 	 85 	 3 	 1 	 [1, 3]
31 	 28 	 244 	 15 	 14 	 [1, 3]
31 	 29 	 231 	 10 	 9 	 [1, 3]
31 	 30 	 236 	 13 	 12 	 [3, 5]
31 	 31 	 218 	 13 	 11 	 [3, 5]
31 	 32 	 4 	 1 	 0 	 [15, 1]
31 	 33 	 218 	 13 	 11 	 [3, 5]
31 	 34 	 78 	 13 	 4 	 [3, 5]
31 	 35 	 19 	 13 	 1 	 [3, 5]
31 	 36 	 133 	 15 	 8 	 [1, 3]
31 	 37 	 231 	 10 	 9 	 [1, 3]
31 	 38 	 89 	 14 	 5 	 [1, 3]
31 	 39 	 164 	 14 	 9 	 [1, 3]
31 	 40 	 131 	 2 	 1 	 [1, 3]
31 	 41 	 231 	 10 	 9 	 [1, 3]
31 	 42 	 181 	 10 	 7 	 [1, 3]
31 	 43 	 76 	 10 	 3 	 [1, 3]
31 	 44 	 123 	 15 	 7 	 [1, 3]
31 	 45 	 201 	 14 	 11 	 [1, 3]
31 	 46 	 11 	 15 	 1 	 [1, 3]
31 	 47 	 253 	 1 	 1 	 [15, 1]
31 	 48 	 66 	 4 	 1 	 [3, 5]
31 	 49 	 106 	 12 	 5 	 [3, 5]
32 	 0 	 100 	 13 	 5 	 [3, 5]
32 	 1 	 127 	 2 	 1 	 [1, 3]
32 	 2 	 142 	 9 	 5 	 [15, 1]
32 	 3 	 20 	 13 	 1 	 [3, 5]
32 	 4 	 12 	 15 	 1 	 [1, 3]
32 	 5 	 41 	 13 	 2 	 [3, 5]
32 	 6 	 149 	 12 	 7 	 [3, 5]
32 	 7 	 135 	 15 	 8 	 [1, 3]
32 	 8 	 232 	 11 	 10 	 [1, 3]
32 	 9 	 221 	 15 	 13 	 [1, 3]
32 	 10 	 225 	 8 	 7 	 [15, 1]
32 	 11 	 4 	 1 	 0 	 [15, 1]
32 	 12 	 86 	 3 	 1 	 [1, 3]
32 	 13 	 13 	 15 	 1 	 [1, 3]
32 	 14 	 53 	 5 	 1 	 [3, 5]
32 	 15 	 91 	 14 	 5 	 [1, 3]
32 	 16 	 62 	 4 	 1 	 [3, 5]
32 	 17 	 43 	 6 	 1 	 [1, 3]
32 	 18 	 72 	 7 	 2 	 [1, 3]
32 	 19 	 194 	 4 	 3 	 [3, 5]
32 	 20 	 134 	 15 	 8 	 [1, 3]
32 	 21 	 156 	 13 	 8 	 [3, 5]
32 	 22 	 34 	 15 	 2 	 [1, 3]
32 	 23 	 84 	 3 	 1 	 [1, 3]
32 	 24 	 133 	 15 	 8 	 [1, 3]
32 	 25 	 137 	 15 	 8 	 [1, 3]
32 	 26 	 195 	 13 	 10 	 [3, 5]
32 	 27 	 111 	 7 	 3 	 [1, 3]
32 	 28 	 74 	 7 	 2 	 [1, 3]
32 	 29 	 65 	 4 	 1 	 [3, 5]
32 	 30 	 55 	 14 	 3 	 [1, 3]
32 	 31 	 198 	 13 	 10 	 [3, 5]
32 	 32 	 187 	 15 	 11 	 [1, 3]
32 	 33 	 200 	 9 	 7 	 [15, 1]
32 	 34 	 172 	 3 	 2 	 [1, 3]
32 	 35 	 31 	 8 	 1 	 [15, 1]
32 	 36 	 225 	 8 	 7 	 [15, 1]
32 	 37 	 184 	 7 	 5 	 [1, 3]
32 	 38 	 18 	 14 	 1 	 [1, 3]
32 	 39 	 234 	 12 	 11 	 [3, 5]
32 	 40 	 64 	 4 	 1 	 [3, 5]
32 	 41 	 9 	 15 	 1 	 [1, 3]
32 	 42 	 53 	 5 	 1 	 [3, 5]
32 	 43 	 60 	 13 	 3 	 [3, 5]
32 	 44 	 57 	 9 	 2 	 [15, 1]
32 	 45 	 217 	 13 	 11 	 [3, 5]
32 	 46 	 143 	 9 	 5 	 [15, 1]
32 	 47 	 138 	 13 	 7 	 [3, 5]
32 	 48 	 54 	 14 	 3 	 [1, 3]
32 	 49 	 54 	 14 	 3 	 [1, 3]
33 	 0 	 220 	 7 	 6 	 [1, 3]
33 	 1 	 50 	 5 	 1 	 [3, 5]
33 	 2 	 174 	 13 	 9 	 [3, 5]
33 	 3 	 82 	 13 	 4 	 [3, 5]
33 	 4 	 197 	 13 	 10 	 [3, 5]
33 	 5 	 226 	 9 	 8 	 [15, 1]
33 	 6 	 137 	 15 	 8 	 [1, 3]
33 	 7 	 246 	 15 	 14 	 [1, 3]
33 	 8 	 64 	 4 	 1 	 [3, 5]
33 	 9 	 120 	 15 	 7 	 [1, 3]
33 	 10 	 196 	 13 	 10 	 [3, 5]
33 	 11 	 167 	 14 	 9 	 [1, 3]
33 	 12 	 164 	 14 	 9 	 [1, 3]
33 	 13 	 178 	 13 	 9 	 [3, 5]
33 	 14 	 83 	 3 	 1 	 [1, 3]
33 	 15 	 152 	 5 	 3 	 [3, 5]
33 	 16 	 63 	 4 	 1 	 [3, 5]
33 	 17 	 99 	 13 	 5 	 [3, 5]
33 	 18 	 131 	 2 	 1 	 [1, 3]
33 	 19 	 104 	 5 	 2 	 [3, 5]
33 	 20 	 109 	 7 	 3 	 [1, 3]
33 	 21 	 158 	 13 	 8 	 [3, 5]
33 	 22 	 196 	 13 	 10 	 [3, 5]
33 	 23 	 174 	 13 	 9 	 [3, 5]
33 	 24 	 101 	 5 	 2 	 [3, 5]
33 	 25 	 241 	 15 	 14 	 [1, 3]
33 	 26 	 164 	 14 	 9 	 [1, 3]
33 	 27 	 113 	 9 	 4 	 [15, 1]
33 	 28 	 197 	 13 	 10 	 [3, 5]
33 	 29 	 62 	 4 	 1 	 [3, 5]
33 	 30 	 242 	 15 	 14 	 [1, 3]
33 	 31 	 77 	 10 	 3 	 [1, 3]
33 	 32 	 85 	 3 	 1 	 [1, 3]
33 	 33 	 5 	 1 	 0 	 [15, 1]
33 	 34 	 97 	 8 	 3 	 [15, 1]
33 	 35 	 252 	 1 	 1 	 [15, 1]
33 	 36 	 122 	 15 	 7 	 [1, 3]
33 	 37 	 224 	 8 	 7 	 [15, 1]
33 	 38 	 65 	 4 	 1 	 [3, 5]
33 	 39 	 208 	 11 	 9 	 [1, 3]
33 	 40 	 237 	 13 	 12 	 [3, 5]
33 	 41 	 93 	 11 	 4 	 [1, 3]
33 	 42 	 221 	 15 	 13 	 [1, 3]
33 	 43 	 61 	 13 	 3 	 [3, 5]
33 	 44 	 184 	 7 	 5 	 [1, 3]
33 	 45 	 184 	 7 	 5 	 [1, 3]
33 	 46 	 44 	 6 	 1 	 [1, 3]
33 	 47 	 178 	 13 	 9 	 [3, 5]
33 	 48 	 222 	 15 	 13 	 [1, 3]
33 	 49 	 62 	 4 	 1 	 [3, 5]
34 	 0 	 114 	 9 	 4 	 [15, 1]
34 	 1 	 159 	 8 	 5 	 [15, 1]
34 	 2 	 191 	 4 	 3 	 [3, 5]
34 	 3 	 52 	 5 	 1 	 [3, 5]
34 	 4 	 118 	 13 	 6 	 [3, 5]
34 	 5 	 2 	 1 	 0 	 [15, 1]
34 	 6 	 44 	 6 	 1 	 [1, 3]
34 	 7 	 162 	 11 	 7 	 [1, 3]
34 	 8 	 72 	 7 	 2 	 [1, 3]
34 	 9 	 184 	 7 	 5 	 [1, 3]
34 	 10 	 229 	 10 	 9 	 [1, 3]
34 	 11 	 4 	 1 	 0 	 [15, 1]
34 	 12 	 193 	 4 	 3 	 [3, 5]
34 	 13 	 104 	 5 	 2 	 [3, 5]
34 	 14 	 245 	 15 	 14 	 [1, 3]
34 	 15 	 42 	 6 	 1 	 [1, 3]
34 	 16 	 46 	 11 	 2 	 [1, 3]
34 	 17 	 52 	 5 	 1 	 [3, 5]
34 	 18 	 124 	 2 	 1 	 [1, 3]
34 	 19 	 47 	 11 	 2 	 [1, 3]
34 	 20 	 3 	 1 	 0 	 [15, 1]
34 	 21 	 144 	 9 	 5 	 [15, 1]
34 	 22 	 207 	 5 	 4 	 [3, 5]
34 	 23 	 37 	 7 	 1 	 [1, 3]
34 	 24 	 174 	 13 	 9 	 [3, 5]
34 	 25 	 72 	 7 	 2 	 [1, 3]
34 	 26 	 65 	 4 	 1 	 [3, 5]
34 	 27 	 210 	 11 	 9 	 [1, 3]
34 	 28 	 119 	 15 	 7 	 [1, 3]
34 	 29 	 175 	 13 	 9 	 [3, 5]
34 	 30 	 186 	 11 	 8 	 [1, 3]
34 	 31 	 159 	 8 	 5 	 [15, 1]
34 	 32 	 212 	 6 	 5 	 [1, 3]
34 	 33 	 46 	 11 	 2 	 [1, 3]
34 	 34 	 17 	 15 	 1 	 [1, 3]
34 	 35 	 143 	 9 	 5 	 [15, 1]
34 	 36 	 216 	 13 	 11 	 [3, 5]
34 	 37 	 197 	 13 	 10 	 [3, 5]
34 	 38 	 86 	 3 	 1 	 [1, 3]
34 	 39 	 209 	 11 	 9 	 [1, 3]
34 	 40 	 237 	 13 	 12 	 [3, 5]
34 	 41 	 239 	 15 	 14 	 [1, 3]
34 	 42 	 155 	 5 	 3 	 [3, 5]
34 	 43 	 163 	 11 	 7 	 [1, 3]
34 	 44 	 244 	 15 	 14 	 [1, 3]
34 	 45 	 186 	 11 	 8 	 [1, 3]
34 	 46 	 137 	 15 	 8 	 [1, 3]
34 	 47 	 151 	 12 	 7 	 [3, 5]
34 	 48 	 190 	 4 	 3 	 [3, 5]
34 	 49 	 221 	 15 	 13 	 [1, 3]
35 	 0 	 102 	 5 	 2 	 [3, 5]
35 	 1 	 28 	 9 	 1 	 [15, 1]
35 	 2 	 214 	 6 	 5 	 [1, 3]
35 	 3 	 161 	 8 	 5 	 [15, 1]
35 	 4 	 21 	 12 	 1 	 [3, 5]
35 	 5 	 90 	 14 	 5 	 [1, 3]
35 	 6 	 58 	 13 	 3 	 [3, 5]
35 	 7 	 74 	 7 	 2 	 [1, 3]
35 	 8 	 232 	 11 	 10 	 [1, 3]
35 	 9 	 9 	 15 	 1 	 [1, 3]
35 	 10 	 131 	 2 	 1 	 [1, 3]
35 	 11 	 168 	 3 	 2 	 [1, 3]
35 	 12 	 97 	 8 	 3 	 [15, 1]
35 	 13 	 208 	 11 	 9 	 [1, 3]
35 	 14 	 30 	 9 	 1 	 [15, 1]
35 	 15 	 45 	 11 	 2 	 [1, 3]
35 	 16 	 61 	 13 	 3 	 [3, 5]
35 	 17 	 45 	 11 	 2 	 [1, 3]
35 	 18 	 0 	 0 	 0 	 [0, 0]
35 	 19 	 93 	 11 	 4 	 [1, 3]
35 	 20 	 6 	 1 	 0 	 [15, 1]
35 	 21 	 164 	 14 	 9 	 [1, 3]
35 	 22 	 25 	 10 	 1 	 [1, 3]
35 	 23 	 102 	 5 	 2 	 [3, 5]
35 	 24 	 198 	 13 	 10 	 [3, 5]
35 	 25 	 185 	 11 	 8 	 [1, 3]
35 	 26 	 48 	 11 	 2 	 [1, 3]
35 	 27 	 196 	 13 	 10 	 [3, 5]
35 	 28 	 132 	 2 	 1 	 [1, 3]
35 	 29 	 0 	 0 	 0 	 [0, 0]
35 	 30 	 66 	 4 	 1 	 [3, 5]
35 	 31 	 23 	 11 	 1 	 [1, 3]
35 	 32 	 68 	 15 	 4 	 [1, 3]
35 	 33 	 129 	 2 	 1 	 [1, 3]
35 	 34 	 87 	 3 	 1 	 [1, 3]
35 	 35 	 16 	 15 	 1 	 [1, 3]
35 	 36 	 17 	 15 	 1 	 [1, 3]
35 	 37 	 255 	 1 	 1 	 [15, 1]
35 	 38 	 160 	 8 	 5 	 [15, 1]
35 	 39 	 192 	 4 	 3 	 [3, 5]
35 	 40 	 93 	 11 	 4 	 [1, 3]
35 	 41 	 81 	 13 	 4 	 [3, 5]
35 	 42 	 135 	 15 	 8 	 [1, 3]
35 	 43 	 194 	 4 	 3 	 [3, 5]
35 	 44 	 55 	 14 	 3 	 [1, 3]
35 	 45 	 206 	 5 	 4 	 [3, 5]
35 	 46 	 197 	 13 	 10 	 [3, 5]
35 	 47 	 56 	 9 	 2 	 [15, 1]
35 	 48 	 92 	 14 	 5 	 [1, 3]
35 	 49 	 204 	 5 	 4 	 [3, 5]
[[0, 9], [1, 7], [2, 5], [3, 6], [4, 4], [5, 2], [6, 4], [7, 3], [8, 1], [9, 0], [10, 3], [11, 3], [12, 0], [13, 1], [14, 1], [15, 3], [16, 0], [17, 1], [18, 1], [19, 1], [20, 1], [21, 2], [22, 2], [23, 2], [24, 5], [25, 1], [26, 2], [27, 0], [28, 1], [29, 0], [30, 2], [31, 1], [32, 2], [33, 1], [34, 2], [35, 1]]
2976.0455071926117
