40	35	8	44	31	[3, 1]
77	25	8	23	6	[3, 1]
40	20	10	61	44	[63, 1]
25	35	10	3	1	[3, 1]
51	0	3916	23	22	[3, 1]
3	45	1365	3	1	[3, 1]
13	0	686	6	1	[9, 7]
4	5	1301	63	20	[3, 1]
77	0	1516	27	10	[3, 1]
25	25	749	60	11	[63, 1]
13	45	295	14	1	[3, 1]
25	10	1035	63	16	[3, 1]
4	0	854	24	5	[63, 1]
4	25	2049	2	1	[3, 1]
55	25	1308	47	15	[3, 1]
3	10	2113	31	16	[9, 7]
12	5	951	56	13	[3, 1]
51	20	1082	53	14	[3, 1]
51	30	2088	51	26	[3, 1]
13	35	3156	61	47	[63, 1]
47	5	3497	41	35	[3, 1]
73	0	1907	58	27	[3, 1]
60	10	2632	14	9	[3, 1]
12	15	3639	9	8	[3, 1]
55	0	2736	3	2	[3, 1]
12	30	1980	60	29	[63, 1]
55	10	3438	56	47	[3, 1]
8	25	4037	63	62	[3, 1]
6	45	2411	17	10	[3, 1]
77	5	25	1	0	[63, 1]
38	30	3039	31	23	[9, 7]
73	25	3719	54	49	[9, 7]
18	5	214	19	1	[9, 7]
1	35	2859	53	37	[3, 1]
11	15	3624	26	23	[3, 1]
21	40	1964	48	23	[63, 1]
75	20	118	35	1	[3, 1]
50	35	2257	49	27	[63, 1]
19	25	3472	46	39	[3, 1]
29	20	2801	19	13	[9, 7]
57	15	579	57	8	[3, 1]
70	10	466	44	5	[3, 1]
47	40	2639	45	29	[3, 1]
39	30	2216	61	33	[63, 1]
70	5	658	56	9	[3, 1]
74	40	1281	16	5	[3, 1]
65	25	1510	19	7	[9, 7]
46	10	577	57	8	[3, 1]
18	15	698	47	8	[3, 1]
14	35	76	54	1	[9, 7]
2	15	3412	6	5	[9, 7]
16	0	1125	51	14	[3, 1]
34	30	3274	5	4	[3, 1]
30	25	356	23	2	[3, 1]
59	20	3548	15	13	[3, 1]
35	10	325	63	5	[3, 1]
46	40	1437	57	20	[3, 1]
62	20	3198	41	32	[3, 1]
7	40	1707	12	5	[63, 1]
67	15	2850	23	16	[3, 1]
23	15	663	37	6	[63, 1]
57	30	1367	3	1	[3, 1]
61	30	3467	13	11	[63, 1]
76	35	242	17	1	[3, 1]
71	0	848	29	6	[3, 1]
28	20	754	38	7	[3, 1]
6	5	2050	2	1	[3, 1]
23	45	3744	35	32	[3, 1]
67	25	2507	49	30	[63, 1]
20	10	711	23	4	[3, 1]
5	30	3920	47	45	[3, 1]
33	15	1449	48	17	[63, 1]
26	15	1848	51	23	[3, 1]
27	30	41	63	1	[3, 1]
31	35	41	63	1	[3, 1]
74	0	487	42	5	[9, 7]
9	5	3141	30	23	[9, 7]
58	20	834	54	11	[9, 7]
23	25	4070	1	1	[63, 1]
10	25	1688	17	7	[3, 1]
14	10	3256	39	31	[3, 1]
31	45	389	21	2	[3, 1]
47	25	2136	23	12	[3, 1]
11	25	2516	57	35	[3, 1]
22	15	1525	43	16	[9, 7]
16	30	532	54	7	[9, 7]
53	20	3084	61	46	[63, 1]
76	25	3215	51	40	[3, 1]
69	10	3325	53	43	[3, 1]
61	25	1984	33	16	[3, 1]
74	10	2071	63	32	[3, 1]
35	35	1473	25	9	[63, 1]
27	20	2315	23	13	[3, 1]
15	5	3412	6	5	[9, 7]
42	5	381	43	4	[9, 7]
33	20	398	41	4	[3, 1]
1	15	2731	3	2	[3, 1]
36	45	2566	59	37	[3, 1]
18	25	4073	1	1	[63, 1]
31	40	1708	12	5	[63, 1]
28	40	20	1	0	[63, 1]
30	30	911	9	2	[3, 1]
37	25	516	8	1	[3, 1]
52	5	2478	38	23	[3, 1]
24	30	3269	59	47	[3, 1]
50	25	483	17	2	[3, 1]
15	20	912	9	2	[3, 1]
77	45	579	57	8	[3, 1]
70	30	3013	53	39	[3, 1]
40	15	2166	53	28	[3, 1]
62	35	3201	32	25	[3, 1]
2	10	1361	3	1	[3, 1]
53	25	3003	15	11	[3, 1]
19	45	853	24	5	[63, 1]
53	0	3900	21	20	[3, 1]
20	30	2226	46	25	[3, 1]
31	10	7	1	0	[63, 1]
8	35	2080	63	32	[3, 1]
54	10	1106	63	17	[3, 1]
56	25	1064	50	13	[3, 1]
39	25	2334	58	33	[3, 1]
44	20	1689	63	26	[3, 1]
5	15	3477	53	45	[3, 1]
69	15	2950	25	18	[63, 1]
22	25	2298	41	23	[3, 1]
0	10	1365	3	1	[3, 1]
63	25	4013	49	48	[63, 1]
65	35	789	26	5	[3, 1]
11	0	199	41	2	[3, 1]
14	20	253	49	3	[63, 1]
0	35	683	6	1	[9, 7]
32	5	3594	49	43	[63, 1]
62	40	3031	50	37	[3, 1]
44	10	3649	55	49	[9, 7]
56	45	1264	55	17	[9, 7]
45	30	3241	24	19	[63, 1]
36	15	3450	19	16	[9, 7]
0	0	3413	6	5	[9, 7]
44	45	2060	2	1	[3, 1]
15	35	1762	58	25	[3, 1]
17	25	2167	17	9	[3, 1]
41	25	1148	25	7	[63, 1]
72	0	1256	62	19	[3, 1]
25	40	458	9	1	[3, 1]
23	40	229	18	1	[9, 7]
15	30	2484	61	37	[63, 1]
4	45	2066	63	32	[3, 1]
68	10	1353	61	20	[63, 1]
68	20	1502	30	11	[9, 7]
49	25	306	40	3	[3, 1]
41	0	1908	58	27	[3, 1]
37	0	2485	61	37	[63, 1]
39	35	2604	11	7	[3, 1]
66	15	703	35	6	[3, 1]
62	25	1747	61	26	[63, 1]
32	25	3863	35	33	[3, 1]
47	35	2003	45	22	[3, 1]
17	10	777	58	11	[3, 1]
38	25	3929	49	47	[63, 1]
60	25	3796	41	38	[3, 1]
32	45	563	51	7	[3, 1]
66	20	633	58	9	[3, 1]
30	35	71	58	1	[3, 1]
40	40	805	56	11	[3, 1]
69	25	1017	4	1	[3, 1]
22	45	8	1	0	[63, 1]
33	25	779	21	4	[3, 1]
68	15	3568	31	27	[9, 7]
16	25	1447	17	6	[3, 1]
72	10	4083	1	1	[63, 1]
43	35	3468	13	11	[63, 1]
50	20	3547	52	45	[3, 1]
6	0	1539	8	3	[3, 1]
43	40	3714	43	39	[9, 7]
2	45	0	0	0	[0, 0]
6	10	3968	32	31	[3, 1]
42	35	1621	48	19	[63, 1]
40	30	331	62	5	[3, 1]
61	5	531	54	7	[9, 7]
9	20	2572	43	27	[9, 7]
34	15	527	31	4	[9, 7]
28	35	1223	57	17	[3, 1]
64	45	2148	61	32	[63, 1]
9	0	3109	54	41	[9, 7]
57	40	3696	41	37	[3, 1]
16	20	168	49	2	[63, 1]
49	5	1401	38	13	[3, 1]
11	30	512	8	1	[3, 1]
44	0	525	39	5	[3, 1]
31	25	2513	44	27	[3, 1]
74	15	1080	53	14	[3, 1]
57	10	164	25	1	[63, 1]
41	15	1558	50	19	[3, 1]
74	5	1532	8	3	[3, 1]
52	10	2551	61	38	[63, 1]
34	0	1415	55	19	[9, 7]
36	0	2745	61	41	[63, 1]
72	15	371	11	1	[3, 1]
27	40	3954	29	28	[3, 1]
18	30	34	63	1	[3, 1]
39	15	2938	46	33	[3, 1]
12	25	2121	56	29	[3, 1]
38	35	3945	27	26	[3, 1]
7	10	2734	3	2	[3, 1]
71	30	1524	43	16	[9, 7]
29	25	3217	14	11	[3, 1]
7	25	3755	12	11	[63, 1]
61	10	2133	48	25	[63, 1]
37	15	3992	39	38	[3, 1]
53	35	572	43	6	[9, 7]
55	20	1096	56	15	[3, 1]
2	30	2729	3	2	[3, 1]
75	0	2054	2	1	[3, 1]
7	45	72	57	1	[3, 1]
45	20	1681	39	16	[3, 1]
18	0	2438	42	25	[9, 7]
74	35	3046	39	29	[3, 1]
66	30	3296	41	33	[3, 1]
6	20	2859	53	37	[3, 1]
8	30	3074	4	3	[3, 1]
16	45	957	30	7	[9, 7]
72	35	3827	61	57	[63, 1]
37	40	2957	18	13	[9, 7]
50	30	1407	32	11	[3, 1]
53	30	960	47	11	[3, 1]
43	10	1416	55	19	[9, 7]
6	35	3813	29	27	[3, 1]
72	5	4080	1	1	[63, 1]
20	15	3112	25	19	[63, 1]
76	20	1840	49	22	[63, 1]
32	10	885	37	8	[63, 1]
58	0	1110	48	13	[63, 1]
29	40	2702	47	31	[3, 1]
72	40	2586	19	12	[9, 7]
5	40	1687	17	7	[3, 1]
39	0	2527	47	29	[3, 1]
42	30	2507	49	30	[63, 1]
22	5	3987	38	37	[3, 1]
17	15	3331	59	48	[3, 1]
10	15	2483	33	20	[3, 1]
63	0	2478	38	23	[3, 1]
41	10	3527	36	31	[63, 1]
3	20	3399	47	39	[3, 1]
41	40	833	59	12	[3, 1]
16	35	1003	49	12	[63, 1]
68	0	647	19	3	[9, 7]
60	35	2090	49	25	[63, 1]
43	45	3575	55	48	[9, 7]
66	0	3986	37	36	[63, 1]
19	35	3059	63	47	[3, 1]
17	5	3546	52	45	[3, 1]
52	35	4035	63	62	[3, 1]
20	20	2155	19	10	[9, 7]
27	0	3946	55	53	[9, 7]
0	30	1366	3	1	[3, 1]
49	15	2206	13	7	[63, 1]
64	35	118	35	1	[3, 1]
75	45	1627	63	25	[3, 1]
48	20	3540	59	51	[3, 1]
14	45	1363	3	1	[3, 1]
49	0	3728	56	51	[3, 1]
32	30	2413	56	33	[3, 1]
8	20	772	53	10	[3, 1]
76	5	778	58	11	[3, 1]
52	25	3524	43	37	[9, 7]
30	0	2004	47	23	[3, 1]
20	5	3259	44	35	[3, 1]
2	40	1271	29	9	[3, 1]
22	40	1666	59	24	[3, 1]
51	15	1431	63	22	[3, 1]
1	20	4	1	0	[63, 1]
76	0	2797	41	28	[3, 1]
57	25	4073	1	1	[63, 1]
60	5	3594	49	43	[63, 1]
32	0	3766	62	57	[3, 1]
43	5	1235	63	19	[3, 1]
45	10	3664	19	17	[9, 7]
9	15	391	21	2	[3, 1]
8	0	2441	47	28	[3, 1]
50	5	3571	39	34	[3, 1]
63	40	2685	61	40	[63, 1]
3	15	3072	4	3	[3, 1]
75	30	2920	59	42	[3, 1]
54	35	3751	59	54	[3, 1]
0	15	2732	3	2	[3, 1]
24	5	1376	3	1	[3, 1]
60	20	3801	14	13	[3, 1]
32	20	151	27	1	[3, 1]
52	20	709	52	9	[3, 1]
45	5	1147	25	7	[63, 1]
44	15	2845	36	25	[63, 1]
20	0	2693	35	23	[3, 1]
30	5	66	62	1	[3, 1]
52	0	967	55	13	[9, 7]
21	0	191	43	2	[9, 7]
52	15	498	41	5	[3, 1]
19	30	3541	59	51	[3, 1]
16	5	1877	24	11	[63, 1]
42	10	797	36	7	[63, 1]
1	40	2731	3	2	[3, 1]
42	45	2381	43	25	[9, 7]
36	25	857	43	9	[9, 7]
12	35	3009	49	36	[63, 1]
49	35	1625	63	25	[3, 1]
0	45	3413	6	5	[9, 7]
40	5	2653	54	35	[9, 7]
69	20	1134	47	13	[3, 1]
47	20	3342	38	31	[3, 1]
59	30	499	41	5	[3, 1]
33	45	2436	37	22	[63, 1]
46	35	2272	9	5	[3, 1]
71	10	3488	27	23	[3, 1]
30	10	1627	63	25	[3, 1]
46	30	622	46	7	[3, 1]
54	20	2881	27	19	[3, 1]
48	15	2872	57	40	[3, 1]
28	15	710	52	9	[3, 1]
66	40	2231	11	6	[3, 1]
17	0	2283	61	34	[63, 1]
14	30	1264	55	17	[9, 7]
45	35	850	53	11	[3, 1]
64	40	3032	50	37	[3, 1]
56	40	3059	63	47	[3, 1]
8	10	2795	63	43	[3, 1]
24	40	147	28	1	[3, 1]
48	30	2726	3	2	[3, 1]
75	25	489	42	5	[9, 7]
45	25	1741	40	17	[3, 1]
1	45	3414	6	5	[9, 7]
60	40	2856	33	23	[3, 1]
59	40	1333	43	14	[9, 7]
22	30	3264	59	47	[3, 1]
48	25	2863	63	44	[3, 1]
8	45	2305	16	9	[3, 1]
70	40	3440	25	21	[63, 1]
2	25	1707	12	5	[63, 1]
49	30	533	23	3	[3, 1]
19	20	3371	62	51	[3, 1]
75	35	401	51	5	[3, 1]
15	45	518	63	8	[3, 1]
26	0	1511	19	7	[9, 7]
36	40	2283	61	34	[63, 1]
23	5	436	47	5	[3, 1]
5	25	1398	41	14	[3, 1]
42	20	3207	23	18	[3, 1]
30	40	1440	37	13	[63, 1]
76	45	1018	4	1	[3, 1]
50	45	150	55	2	[9, 7]
48	35	385	32	3	[3, 1]
73	10	172	24	1	[63, 1]
69	30	1723	19	8	[9, 7]
1	25	2048	2	1	[3, 1]
27	35	3661	47	42	[3, 1]
38	40	1895	54	25	[9, 7]
19	40	2442	52	31	[3, 1]
25	5	2719	62	41	[3, 1]
70	25	2776	59	40	[3, 1]
11	45	3191	59	46	[3, 1]
75	15	571	43	6	[9, 7]
60	45	3426	55	46	[9, 7]
44	30	802	46	9	[3, 1]
66	35	2288	34	19	[3, 1]
35	25	471	61	7	[63, 1]
59	5	3501	62	53	[3, 1]
10	35	3758	61	56	[63, 1]
55	40	2576	62	39	[3, 1]
46	25	1995	39	19	[3, 1]
51	35	3320	58	47	[3, 1]
38	5	3844	49	46	[63, 1]
61	45	3429	43	36	[9, 7]
59	15	290	57	4	[3, 1]
18	45	2848	23	16	[3, 1]
67	30	3103	33	25	[3, 1]
52	30	2406	63	37	[3, 1]
57	0	1177	59	17	[3, 1]
6	15	2184	15	8	[3, 1]
49	40	3960	30	29	[9, 7]
1	5	2859	53	37	[3, 1]
46	15	2169	17	9	[3, 1]
56	5	432	19	2	[9, 7]
59	0	3035	27	20	[3, 1]
13	20	719	57	10	[3, 1]
71	40	2725	3	2	[3, 1]
62	0	929	53	12	[3, 1]
23	10	742	11	2	[3, 1]
55	30	2324	37	21	[63, 1]
63	20	1535	8	3	[3, 1]
6	30	3447	63	53	[3, 1]
67	40	2641	45	29	[3, 1]
38	10	1386	62	21	[3, 1]
26	30	135	61	2	[63, 1]
66	5	1185	38	11	[3, 1]
58	45	1415	55	19	[9, 7]
24	10	1956	44	21	[3, 1]
73	5	1862	11	5	[3, 1]
21	10	1265	55	17	[9, 7]
55	5	3414	6	5	[9, 7]
67	5	3893	61	58	[63, 1]
1	10	1068	23	6	[3, 1]
60	30	3695	51	46	[3, 1]
21	35	2356	40	23	[3, 1]
7	30	419	49	5	[63, 1]
41	5	1149	57	16	[3, 1]
7	5	776	58	11	[3, 1]
20	35	243	17	1	[3, 1]
77	20	1065	50	13	[3, 1]
63	5	1592	18	7	[9, 7]
68	30	3719	54	49	[9, 7]
33	10	2843	49	34	[63, 1]
14	25	1651	62	25	[3, 1]
9	35	730	28	5	[3, 1]
24	0	3621	43	38	[9, 7]
72	25	3408	6	5	[9, 7]
18	40	420	39	4	[3, 1]
21	5	3254	34	27	[3, 1]
10	45	3254	34	27	[3, 1]
64	30	2675	49	32	[63, 1]
69	45	1827	56	25	[3, 1]
7	0	1301	63	20	[3, 1]
36	5	3356	61	50	[63, 1]
56	0	3327	16	13	[3, 1]
27	15	873	61	13	[63, 1]
34	5	1846	51	23	[3, 1]
21	45	3863	35	33	[3, 1]
21	15	3316	21	17	[3, 1]
21	30	1580	57	22	[3, 1]
57	20	1642	5	2	[3, 1]
67	45	3990	39	38	[3, 1]
12	10	3837	63	59	[3, 1]
50	15	1794	16	7	[3, 1]
48	40	43	63	1	[3, 1]
7	20	1990	35	17	[3, 1]
24	20	3730	56	51	[3, 1]
53	40	2675	49	32	[63, 1]
71	5	567	36	5	[63, 1]
36	35	556	59	8	[3, 1]
34	25	2417	61	36	[63, 1]
39	5	1156	39	11	[3, 1]
5	45	3104	33	25	[3, 1]
29	10	1928	17	8	[3, 1]
34	35	4093	1	1	[63, 1]
9	40	1789	55	24	[9, 7]
58	15	2436	37	22	[63, 1]
29	35	1840	49	22	[63, 1]
51	25	4085	1	1	[63, 1]
41	30	3750	59	54	[3, 1]
2	35	3419	61	51	[63, 1]
31	20	3690	61	55	[63, 1]
16	40	1636	5	2	[3, 1]
47	0	1753	7	3	[9, 7]
70	20	3725	11	10	[3, 1]
23	35	1537	8	3	[3, 1]
24	25	1367	3	1	[3, 1]
27	10	1003	49	12	[63, 1]
26	10	532	54	7	[9, 7]
2	20	1024	4	1	[3, 1]
33	30	3509	7	6	[9, 7]
70	35	3351	11	9	[3, 1]
18	20	2350	61	35	[63, 1]
76	15	83	49	1	[63, 1]
12	0	1487	11	4	[3, 1]
10	30	3284	61	49	[63, 1]
65	5	1501	30	11	[9, 7]
64	15	505	57	7	[3, 1]
15	0	2795	63	43	[3, 1]
48	10	3496	41	35	[3, 1]
26	5	1348	61	20	[63, 1]
68	35	2426	27	16	[3, 1]
39	10	1948	61	29	[63, 1]
24	35	3691	61	55	[63, 1]
54	25	1980	60	29	[63, 1]
74	45	847	29	6	[3, 1]
19	15	1570	60	23	[63, 1]
68	40	3335	43	35	[9, 7]
35	20	2577	62	39	[3, 1]
26	45	1126	40	11	[3, 1]
48	0	692	59	10	[3, 1]
67	10	1554	29	11	[3, 1]
30	15	1921	32	15	[3, 1]
69	5	3880	19	18	[9, 7]
76	10	3965	63	61	[3, 1]
58	10	3324	53	43	[3, 1]
11	20	977	21	5	[3, 1]
62	10	3177	49	38	[63, 1]
0	5	2048	2	1	[3, 1]
5	10	719	57	10	[3, 1]
10	5	1123	62	17	[3, 1]
37	10	1696	29	12	[3, 1]
56	15	1276	61	19	[63, 1]
54	0	2565	59	37	[3, 1]
53	10	3837	63	59	[3, 1]
29	30	1352	61	20	[63, 1]
43	30	879	14	3	[3, 1]
29	5	3709	53	48	[3, 1]
37	30	114	36	1	[63, 1]
59	35	1311	25	8	[63, 1]
37	45	2755	55	37	[9, 7]
33	35	3464	13	11	[63, 1]
35	45	739	61	11	[63, 1]
27	25	1527	59	22	[3, 1]
33	40	1221	57	17	[3, 1]
6	25	3925	24	23	[63, 1]
29	15	3397	41	34	[3, 1]
29	0	3215	51	40	[3, 1]
42	15	2906	31	22	[9, 7]
10	0	3105	62	47	[3, 1]
17	45	2473	53	32	[3, 1]
23	30	1424	23	8	[3, 1]
0	25	0	0	0	[0, 0]
60	15	1785	39	17	[3, 1]
1	0	682	6	1	[9, 7]
13	25	2720	3	2	[3, 1]
65	45	940	61	14	[63, 1]
56	20	3374	17	14	[3, 1]
46	20	923	40	9	[3, 1]
57	5	256	16	1	[3, 1]
62	15	3752	12	11	[63, 1]
50	0	2584	46	29	[3, 1]
55	45	2322	30	17	[9, 7]
31	30	545	15	2	[3, 1]
35	15	3922	47	45	[3, 1]
63	15	3691	61	55	[63, 1]
69	40	2727	3	2	[3, 1]
8	15	335	49	4	[63, 1]
15	10	2816	16	11	[3, 1]
5	35	1316	28	9	[3, 1]
28	30	2317	53	30	[3, 1]
8	40	2478	38	23	[3, 1]
26	25	2989	37	27	[63, 1]
0	40	0	0	0	[0, 0]
64	5	1216	37	11	[63, 1]
22	35	3461	58	49	[3, 1]
11	5	1001	45	11	[3, 1]
66	45	3961	61	59	[63, 1]
66	10	2602	63	40	[3, 1]
4	10	3409	6	5	[9, 7]
38	20	2706	56	37	[3, 1]
23	0	3313	47	38	[3, 1]
43	25	666	43	7	[9, 7]
5	0	498	41	5	[3, 1]
58	40	3207	23	18	[3, 1]
17	40	2260	29	16	[3, 1]
41	45	1077	19	5	[9, 7]
0	20	0	0	0	[0, 0]
52	40	3410	6	5	[9, 7]
20	45	2474	48	29	[63, 1]
56	10	351	35	3	[3, 1]
38	15	3734	34	31	[3, 1]
14	0	840	39	8	[3, 1]
1	30	0	0	0	[0, 0]
74	30	2359	33	19	[3, 1]
47	30	3080	4	3	[3, 1]
29	45	621	33	5	[3, 1]
37	5	1316	28	9	[3, 1]
33	0	1516	27	10	[3, 1]
17	20	2385	55	32	[9, 7]
32	35	3486	47	40	[3, 1]
34	20	1869	57	26	[3, 1]
20	40	2587	19	12	[9, 7]
62	45	3042	35	26	[3, 1]
36	30	1411	61	21	[63, 1]
46	45	3269	59	47	[3, 1]
52	45	3098	41	31	[3, 1]
72	20	3463	58	49	[3, 1]
65	15	337	61	5	[63, 1]
10	10	3251	63	50	[3, 1]
5	5	1522	35	13	[3, 1]
24	15	2316	23	13	[3, 1]
66	25	1546	53	20	[3, 1]
76	40	97	42	1	[9, 7]
70	15	1954	44	21	[3, 1]
71	25	3964	31	30	[9, 7]
26	40	3348	60	49	[63, 1]
19	0	333	37	3	[63, 1]
20	25	2873	57	40	[3, 1]
3	30	635	58	9	[3, 1]
46	0	1791	16	7	[3, 1]
70	45	1769	44	19	[3, 1]
6	40	3845	49	46	[63, 1]
30	20	2370	19	11	[9, 7]
47	10	917	58	13	[3, 1]
15	25	2364	26	15	[3, 1]
63	30	2022	63	31	[3, 1]
44	25	1322	31	10	[9, 7]
35	5	1779	53	23	[3, 1]
25	30	843	34	7	[3, 1]
34	40	2660	57	37	[3, 1]
2	5	0	0	0	[0, 0]
17	30	3679	59	53	[3, 1]
17	35	2290	59	33	[3, 1]
36	10	3989	38	37	[3, 1]
9	45	1262	13	4	[63, 1]
2	0	697	47	8	[3, 1]
11	10	3349	11	9	[3, 1]
70	0	2258	49	27	[63, 1]
56	30	1219	47	14	[3, 1]
34	45	549	52	7	[3, 1]
61	0	3567	31	27	[9, 7]
35	0	2257	49	27	[63, 1]
23	20	987	54	13	[9, 7]
9	30	19	1	0	[63, 1]
38	45	2599	52	33	[3, 1]
61	35	3096	41	31	[3, 1]
59	10	319	51	4	[3, 1]
9	10	2756	55	37	[9, 7]
18	35	538	61	8	[63, 1]
11	35	3905	43	41	[9, 7]
56	35	3340	38	31	[3, 1]
31	0	552	52	7	[3, 1]
38	0	1057	31	8	[9, 7]
45	0	3919	23	22	[3, 1]
18	10	1969	52	25	[3, 1]
11	40	3708	53	48	[3, 1]
22	20	548	15	2	[3, 1]
8	5	4	1	0	[63, 1]
10	20	2114	31	16	[9, 7]
60	0	3150	13	10	[63, 1]
58	5	1462	14	5	[3, 1]
27	5	4043	63	62	[3, 1]
13	5	3040	31	23	[9, 7]
47	45	1713	55	23	[9, 7]
9	25	886	37	8	[63, 1]
24	45	2627	53	34	[3, 1]
57	45	8	1	0	[63, 1]
67	35	1534	8	3	[3, 1]
32	40	23	1	0	[63, 1]
21	20	1439	37	13	[63, 1]
31	15	3909	22	21	[3, 1]
54	30	44	63	1	[3, 1]
32	15	1990	35	17	[3, 1]
13	10	2990	63	46	[3, 1]
62	5	622	46	7	[3, 1]
50	40	3252	34	27	[3, 1]
53	45	1513	46	17	[3, 1]
39	20	2326	37	21	[63, 1]
57	35	2618	61	39	[63, 1]
14	15	2184	15	8	[3, 1]
34	10	3832	31	29	[9, 7]
49	20	1262	13	4	[63, 1]
49	45	3254	34	27	[3, 1]
37	20	3163	57	44	[3, 1]
69	0	2676	49	32	[63, 1]
45	45	1933	53	25	[3, 1]
48	45	3206	23	18	[3, 1]
10	40	1554	29	11	[3, 1]
53	15	895	32	7	[3, 1]
7	15	3328	16	13	[3, 1]
25	0	1912	15	7	[3, 1]
58	25	893	55	12	[9, 7]
33	5	2632	14	9	[3, 1]
45	15	2367	45	26	[3, 1]
27	45	2502	18	11	[9, 7]
30	45	1474	25	9	[63, 1]
50	10	1808	34	15	[3, 1]
65	0	2940	39	28	[3, 1]
61	40	331	62	5	[3, 1]
41	20	202	61	3	[63, 1]
35	40	2121	56	29	[3, 1]
4	30	2688	32	21	[3, 1]
71	15	3937	26	25	[3, 1]
14	40	578	57	8	[3, 1]
35	30	1674	22	9	[3, 1]
73	15	957	30	7	[9, 7]
74	25	3629	35	31	[3, 1]
64	20	1291	54	17	[9, 7]
14	5	3895	61	58	[63, 1]
22	0	3248	29	23	[3, 1]
75	5	607	27	4	[3, 1]
64	25	1680	39	16	[3, 1]
47	15	2506	49	30	[63, 1]
22	10	1980	60	29	[63, 1]
44	40	1840	49	22	[63, 1]
31	5	745	11	2	[3, 1]
3	25	2048	2	1	[3, 1]
3	5	1408	32	11	[3, 1]
54	45	1258	13	4	[63, 1]
43	15	3108	29	22	[3, 1]
37	35	1682	56	23	[3, 1]
44	35	34	63	1	[3, 1]
69	35	1388	59	20	[3, 1]
49	10	4015	51	50	[3, 1]
41	35	1339	52	17	[3, 1]
5	20	683	6	1	[9, 7]
64	0	1469	53	19	[3, 1]
59	25	1207	61	18	[63, 1]
19	5	2435	37	22	[63, 1]
75	10	82	50	1	[3, 1]
4	15	1	1	0	[63, 1]
46	5	3363	28	23	[3, 1]
7	35	165	25	1	[63, 1]
76	30	824	5	1	[3, 1]
62	30	1494	63	23	[3, 1]
3	35	1142	61	17	[63, 1]
45	40	3801	14	13	[3, 1]
26	35	2434	37	22	[63, 1]
65	40	403	61	6	[63, 1]
67	0	2146	21	11	[3, 1]
36	20	2957	18	13	[9, 7]
67	20	3415	6	5	[9, 7]
19	10	3313	47	38	[3, 1]
53	5	1774	30	13	[9, 7]
44	5	4012	49	48	[63, 1]
73	40	827	59	12	[3, 1]
3	0	937	35	8	[3, 1]
48	5	313	13	1	[63, 1]
73	20	2954	61	44	[63, 1]
77	10	614	20	3	[3, 1]
75	40	3204	23	18	[3, 1]
73	45	1103	26	7	[3, 1]
55	35	3252	34	27	[3, 1]
72	45	3376	57	47	[3, 1]
63	35	3622	26	23	[3, 1]
12	20	1232	10	3	[3, 1]
40	45	2192	43	23	[9, 7]
3	40	1090	15	4	[3, 1]
55	15	1997	41	20	[3, 1]
43	0	1144	43	12	[9, 7]
77	35	2425	49	29	[63, 1]
68	25	1487	11	4	[3, 1]
71	35	476	43	5	[9, 7]
40	25	3752	12	11	[63, 1]
25	20	2930	7	5	[9, 7]
65	30	3998	42	41	[9, 7]
40	0	962	17	4	[3, 1]
54	15	316	13	1	[63, 1]
73	30	2421	22	13	[3, 1]
16	10	2351	54	31	[9, 7]
28	45	1218	37	11	[63, 1]
42	25	883	51	11	[3, 1]
64	10	2381	43	25	[9, 7]
77	40	148	55	2	[9, 7]
68	5	781	21	4	[3, 1]
71	45	2872	57	40	[3, 1]
13	40	3838	16	15	[3, 1]
73	35	3755	12	11	[63, 1]
39	45	2645	48	31	[63, 1]
65	10	1715	43	18	[9, 7]
72	30	2211	63	34	[3, 1]
63	10	2559	8	5	[3, 1]
26	20	444	37	4	[63, 1]
63	45	3419	61	51	[63, 1]
12	40	3080	4	3	[3, 1]
39	40	1021	4	1	[3, 1]
71	20	541	53	7	[3, 1]
77	15	3863	35	33	[3, 1]
61	20	1466	53	19	[3, 1]
43	20	3736	57	52	[3, 1]
74	20	3406	59	49	[3, 1]
51	45	2358	33	19	[3, 1]
51	40	475	43	5	[9, 7]
58	35	272	15	1	[3, 1]
42	0	2783	53	36	[3, 1]
68	45	808	61	12	[63, 1]
28	0	1219	47	14	[3, 1]
42	40	2151	40	21	[3, 1]
40	10	1518	27	10	[3, 1]
21	25	1910	15	7	[3, 1]
61	15	1853	42	19	[9, 7]
28	10	3765	62	57	[3, 1]
51	5	2055	2	1	[3, 1]
28	25	772	53	10	[3, 1]
59	45	678	6	1	[9, 7]
28	5	3287	61	49	[63, 1]
51	10	642	51	8	[3, 1]
77	30	3945	27	26	[3, 1]
58	30	335	49	4	[63, 1]
16	15	1504	49	18	[63, 1]
13	15	1136	18	5	[9, 7]
25	45	3535	51	44	[3, 1]
12	45	3065	4	3	[3, 1]
54	40	3082	61	46	[63, 1]
15	40	792	31	6	[9, 7]
13	30	471	61	7	[63, 1]
25	15	2033	2	1	[3, 1]
65	20	1707	12	5	[63, 1]
4	20	3540	59	51	[3, 1]
4	40	3755	12	11	[63, 1]
54	5	3800	55	51	[9, 7]
4	35	1707	12	5	[63, 1]
15	15	3936	51	49	[3, 1]
3	46	3415	6	5	[9, 7]
60	11	422	29	3	[3, 1]
40	36	2947	57	41	[3, 1]
77	26	2442	52	31	[3, 1]
51	1	2837	13	9	[63, 1]
73	1	3427	49	41	[63, 1]
21	41	210	39	2	[3, 1]
55	26	1287	35	11	[3, 1]
25	36	3111	54	41	[9, 7]
40	21	954	43	10	[9, 7]
8	26	2891	17	12	[3, 1]
13	1	3732	45	41	[3, 1]
3	11	2751	61	41	[63, 1]
65	26	2990	63	46	[3, 1]
4	6	3872	55	52	[9, 7]
12	6	2708	59	39	[3, 1]
47	6	1223	57	17	[3, 1]
75	21	2149	61	32	[63, 1]
77	1	123	33	1	[3, 1]
38	31	272	15	1	[3, 1]
1	36	2176	32	17	[3, 1]
6	46	4	1	0	[63, 1]
50	36	580	57	8	[3, 1]
58	21	395	52	5	[3, 1]
4	26	256	16	1	[3, 1]
29	21	3441	25	21	[63, 1]
74	41	2039	2	1	[3, 1]
14	36	2897	41	29	[3, 1]
18	6	2753	61	41	[63, 1]
51	31	1757	7	3	[9, 7]
13	36	3221	61	48	[63, 1]
25	11	54	63	1	[3, 1]
39	31	3059	63	47	[3, 1]
51	21	3980	35	34	[3, 1]
11	16	2909	38	27	[3, 1]
5	31	245	50	3	[3, 1]
63	26	1496	52	19	[3, 1]
59	21	3804	14	13	[3, 1]
34	31	118	35	1	[3, 1]
25	26	2892	17	12	[3, 1]
4	1	1184	45	13	[3, 1]
61	31	1061	27	7	[3, 1]
13	46	69	59	1	[3, 1]
69	11	3172	31	24	[9, 7]
12	31	3686	10	9	[3, 1]
62	21	3368	45	37	[3, 1]
12	16	24	1	0	[63, 1]
55	1	3093	49	37	[63, 1]
35	11	2064	2	1	[3, 1]
45	31	2343	7	4	[9, 7]
52	6	3425	61	51	[63, 1]
55	11	2755	55	37	[9, 7]
77	6	986	54	13	[9, 7]
33	16	1195	24	7	[63, 1]
30	26	2980	11	8	[3, 1]
44	21	1389	59	20	[3, 1]
19	26	2455	5	3	[3, 1]
65	46	3834	47	44	[3, 1]
67	16	187	22	1	[3, 1]
9	6	1434	20	7	[3, 1]
46	11	1817	9	4	[3, 1]
73	26	3634	62	55	[3, 1]
36	46	1632	5	2	[3, 1]
22	16	1771	37	16	[63, 1]
26	16	158	26	1	[3, 1]
65	41	417	59	6	[3, 1]
7	41	2387	12	7	[63, 1]
70	6	2470	63	38	[3, 1]
70	11	3771	63	58	[3, 1]
37	26	2949	25	18	[63, 1]
57	16	1532	8	3	[3, 1]
10	26	3190	59	46	[3, 1]
17	26	3969	32	31	[3, 1]
27	31	1968	52	25	[3, 1]
42	6	648	19	3	[9, 7]
43	36	3822	15	14	[3, 1]
46	41	2723	3	2	[3, 1]
54	11	3551	15	13	[3, 1]
71	1	844	34	7	[3, 1]
15	21	2808	35	24	[3, 1]
76	36	211	58	3	[3, 1]
16	1	277	59	4	[3, 1]
34	26	2517	57	35	[3, 1]
57	31	794	31	6	[9, 7]
28	21	4032	63	62	[3, 1]
67	26	3235	19	15	[9, 7]
58	36	1293	19	6	[9, 7]
47	41	2361	59	34	[3, 1]
23	16	2228	57	31	[3, 1]
2	11	0	0	0	[0, 0]
20	31	441	37	4	[63, 1]
32	6	3963	31	30	[9, 7]
76	26	3450	19	16	[9, 7]
41	1	638	45	7	[3, 1]
20	11	395	52	5	[3, 1]
40	16	2438	42	25	[9, 7]
56	26	3774	51	47	[3, 1]
47	26	3144	43	33	[9, 7]
74	1	277	59	4	[3, 1]
21	46	1887	63	29	[3, 1]
0	11	683	6	1	[9, 7]
54	36	63	63	1	[3, 1]
74	11	3181	58	45	[3, 1]
10	36	1916	62	29	[3, 1]
3	16	3076	4	3	[3, 1]
49	26	655	25	4	[63, 1]
72	1	3871	55	52	[9, 7]
34	6	1923	49	23	[63, 1]
66	31	3525	43	37	[9, 7]
39	26	1709	12	5	[63, 1]
77	46	3544	52	45	[3, 1]
57	11	924	31	7	[9, 7]
1	16	1365	3	1	[3, 1]
72	16	3423	61	51	[63, 1]
6	6	257	16	1	[3, 1]
51	16	2613	58	37	[3, 1]
43	41	357	23	2	[3, 1]
27	21	2589	19	12	[9, 7]
35	36	3633	62	55	[3, 1]
28	41	4005	45	44	[3, 1]
53	21	613	20	3	[3, 1]
23	46	318	13	1	[63, 1]
31	46	4026	59	58	[3, 1]
61	26	18	1	0	[63, 1]
40	6	259	63	4	[3, 1]
6	11	1163	60	17	[63, 1]
18	16	2571	43	27	[9, 7]
19	46	1421	49	17	[63, 1]
43	46	2325	37	21	[63, 1]
38	11	851	53	11	[3, 1]
31	36	3796	41	38	[3, 1]
9	21	2728	3	2	[3, 1]
70	31	133	31	1	[9, 7]
8	36	3554	53	46	[3, 1]
1	21	1	1	0	[63, 1]
45	21	1911	15	7	[3, 1]
55	21	2599	52	33	[3, 1]
18	26	3781	13	12	[63, 1]
49	1	3904	43	41	[9, 7]
40	41	3849	50	47	[3, 1]
53	1	4025	58	57	[3, 1]
22	26	1808	34	15	[3, 1]
26	36	2745	61	41	[63, 1]
14	11	3321	37	30	[63, 1]
3	21	837	44	9	[3, 1]
2	41	2747	61	41	[63, 1]
39	36	1742	47	20	[3, 1]
37	11	935	57	13	[3, 1]
44	11	1066	50	13	[3, 1]
51	26	2402	29	17	[3, 1]
48	21	802	46	9	[3, 1]
18	21	3079	4	3	[3, 1]
32	11	1033	63	16	[3, 1]
15	36	3159	35	27	[3, 1]
40	31	2459	5	3	[3, 1]
23	26	2919	59	42	[3, 1]
38	36	917	58	13	[3, 1]
12	11	1492	11	4	[3, 1]
9	1	3053	55	41	[9, 7]
63	1	3428	49	41	[63, 1]
61	11	3599	33	29	[3, 1]
44	46	848	29	6	[3, 1]
4	46	683	6	1	[9, 7]
11	26	2775	31	21	[9, 7]
6	1	698	47	8	[3, 1]
8	6	2084	57	29	[3, 1]
55	31	311	53	4	[3, 1]
69	16	1074	61	16	[63, 1]
66	16	3155	61	47	[63, 1]
54	21	2798	41	28	[3, 1]
77	21	701	35	6	[3, 1]
25	21	2544	29	18	[3, 1]
65	36	284	29	2	[3, 1]
5	26	1536	8	3	[3, 1]
62	36	2863	63	44	[3, 1]
13	6	4025	58	57	[3, 1]
34	16	3227	33	26	[3, 1]
30	36	570	36	5	[63, 1]
40	46	3287	61	49	[63, 1]
3	41	2745	61	41	[63, 1]
55	6	1729	45	19	[3, 1]
60	6	258	16	1	[3, 1]
51	41	3174	40	31	[3, 1]
77	16	1055	35	9	[3, 1]
25	16	2580	27	17	[3, 1]
13	26	1616	38	15	[3, 1]
40	26	2865	10	7	[3, 1]
3	26	3281	5	4	[3, 1]
60	21	1829	56	25	[3, 1]
4	11	350	35	3	[3, 1]
51	36	3613	17	15	[3, 1]
4	21	3413	6	5	[9, 7]
73	16	3197	41	32	[3, 1]
40	11	2414	56	33	[3, 1]
77	11	1936	55	26	[9, 7]
13	21	323	38	3	[3, 1]
12	46	3921	47	45	[3, 1]
24	31	353	58	5	[3, 1]
3	1	3968	32	31	[3, 1]
3	31	2987	48	35	[63, 1]
6	31	999	41	10	[3, 1]
77	31	3106	62	47	[3, 1]
51	11	379	54	5	[9, 7]
55	41	1666	59	24	[3, 1]
13	41	343	12	1	[63, 1]
25	6	185	22	1	[3, 1]
4	41	441	37	4	[63, 1]
25	31	1027	4	1	[3, 1]
51	46	686	6	1	[9, 7]
4	16	2177	32	17	[3, 1]
55	36	3452	51	43	[3, 1]
60	41	3746	35	32	[3, 1]
40	1	941	61	14	[63, 1]
25	46	38	63	1	[3, 1]
73	46	2142	44	23	[3, 1]
3	36	1770	37	16	[63, 1]
60	26	2030	63	31	[3, 1]
1	6	2049	2	1	[3, 1]
12	1	1801	25	11	[63, 1]
73	21	1143	43	12	[9, 7]
51	6	145	57	2	[3, 1]
56	46	3944	27	26	[3, 1]
12	36	1936	55	26	[9, 7]
31	31	1052	35	9	[3, 1]
25	1	1809	43	19	[9, 7]
34	1	2696	38	25	[3, 1]
13	16	2992	26	19	[3, 1]
25	41	1444	17	6	[3, 1]
11	31	2384	55	32	[9, 7]
77	36	3273	5	4	[3, 1]
60	31	1691	63	26	[3, 1]
73	36	1751	7	3	[9, 7]
13	11	3530	29	25	[3, 1]
26	21	2075	63	32	[3, 1]
8	1	3597	41	36	[3, 1]
52	11	361	34	3	[3, 1]
2	16	2603	63	40	[3, 1]
55	46	2364	26	15	[3, 1]
74	6	3337	27	22	[3, 1]
3	6	2048	2	1	[3, 1]
6	36	2610	58	37	[3, 1]
14	21	2089	49	25	[63, 1]
6	16	1653	57	23	[3, 1]
55	16	2041	2	1	[3, 1]
33	21	3692	61	55	[63, 1]
46	26	1772	37	16	[63, 1]
4	36	674	61	10	[63, 1]
47	36	1579	57	22	[3, 1]
11	1	2314	23	13	[3, 1]
77	41	2370	19	11	[9, 7]
4	31	329	25	2	[63, 1]
18	31	3149	13	10	[63, 1]
9	36	2820	61	42	[63, 1]
15	31	98	42	1	[9, 7]
11	21	3805	14	13	[3, 1]
12	26	3469	59	50	[3, 1]
73	31	3989	38	37	[3, 1]
8	21	1736	59	25	[3, 1]
5	16	2795	63	43	[3, 1]
13	31	2304	16	9	[3, 1]
11	11	3921	47	45	[3, 1]
68	16	4	1	0	[63, 1]
32	1	750	60	11	[63, 1]
14	26	710	52	9	[3, 1]
54	31	1382	62	21	[3, 1]
27	16	2113	31	16	[9, 7]
70	21	1388	59	20	[3, 1]
19	11	1709	12	5	[63, 1]
39	6	2253	20	11	[3, 1]
38	6	2826	29	20	[3, 1]
33	26	2799	60	41	[63, 1]
52	31	1223	57	17	[3, 1]
60	36	2849	23	16	[3, 1]
52	26	1068	23	6	[3, 1]
38	26	1988	35	17	[3, 1]
21	31	1738	33	14	[3, 1]
74	16	2518	13	8	[63, 1]
12	41	2053	2	1	[3, 1]
39	16	3816	44	41	[3, 1]
37	1	3519	57	49	[3, 1]
7	46	1367	3	1	[3, 1]
19	16	2987	48	35	[63, 1]
43	6	3824	15	14	[3, 1]
50	26	1197	41	12	[3, 1]
7	26	1366	3	1	[3, 1]
75	1	1306	47	15	[3, 1]
60	46	1407	32	11	[3, 1]
10	1	1367	3	1	[3, 1]
1	41	682	6	1	[9, 7]
22	46	44	63	1	[3, 1]
43	11	464	53	6	[3, 1]
47	21	2934	60	43	[63, 1]
31	11	1704	12	5	[63, 1]
1	1	2048	2	1	[3, 1]
66	36	4003	44	43	[3, 1]
37	16	2739	3	2	[3, 1]
59	31	1663	32	13	[3, 1]
7	11	3816	44	41	[3, 1]
20	6	553	37	5	[63, 1]
17	1	1737	33	14	[3, 1]
11	46	3412	6	5	[9, 7]
52	1	3138	47	36	[3, 1]
20	21	3220	14	11	[3, 1]
17	6	1633	5	2	[3, 1]
27	26	2945	32	23	[3, 1]
35	6	3994	40	39	[3, 1]
32	26	1826	56	25	[3, 1]
73	11	3298	41	33	[3, 1]
31	41	3485	47	40	[3, 1]
15	6	4068	1	1	[63, 1]
56	41	201	61	3	[63, 1]
9	16	2407	63	37	[3, 1]
35	26	2963	47	34	[3, 1]
66	21	2769	37	25	[63, 1]
39	1	1304	22	7	[3, 1]
42	21	702	35	6	[3, 1]
75	11	1972	27	13	[3, 1]
8	16	433	19	2	[9, 7]
53	26	532	54	7	[9, 7]
30	1	385	32	3	[3, 1]
21	1	2603	63	40	[3, 1]
69	41	963	17	4	[3, 1]
49	36	3588	8	7	[3, 1]
32	31	2930	7	5	[9, 7]
28	16	1461	14	5	[3, 1]
63	21	3628	35	31	[3, 1]
42	36	1669	27	11	[3, 1]
62	41	2848	23	16	[3, 1]
0	36	0	0	0	[0, 0]
0	46	3414	6	5	[9, 7]
31	26	3161	57	44	[3, 1]
10	31	2184	15	8	[3, 1]
62	1	2952	43	31	[9, 7]
10	16	1477	61	22	[63, 1]
46	36	1900	28	13	[3, 1]
28	36	2303	16	9	[3, 1]
8	41	621	33	5	[3, 1]
54	26	758	27	5	[3, 1]
75	31	2016	63	31	[3, 1]
59	16	1609	28	11	[3, 1]
60	1	2011	55	27	[9, 7]
24	26	1882	37	17	[63, 1]
50	6	1342	58	19	[3, 1]
50	21	2119	29	15	[3, 1]
21	11	2181	62	33	[3, 1]
15	46	2259	29	16	[3, 1]
50	46	3935	51	49	[3, 1]
52	36	859	62	13	[3, 1]
26	6	1312	25	8	[63, 1]
22	6	2678	26	17	[3, 1]
70	16	795	36	7	[63, 1]
29	41	2704	50	33	[3, 1]
0	1	2048	2	1	[3, 1]
35	16	2136	23	12	[3, 1]
57	26	3092	53	40	[3, 1]
68	1	1927	17	8	[3, 1]
26	1	3307	26	21	[3, 1]
62	26	965	17	4	[3, 1]
16	36	2990	63	46	[3, 1]
46	16	1416	55	19	[9, 7]
56	1	587	7	1	[9, 7]
48	41	2722	3	2	[3, 1]
17	16	3880	19	18	[9, 7]
29	11	1871	46	21	[3, 1]
6	21	3345	60	49	[63, 1]
44	16	1039	63	16	[3, 1]
16	26	235	35	2	[3, 1]
64	41	1637	5	2	[3, 1]
2	31	463	62	7	[3, 1]
36	16	1766	58	25	[3, 1]
61	46	3347	60	49	[63, 1]
30	31	3938	26	25	[3, 1]
33	11	3163	57	44	[3, 1]
28	1	1941	19	9	[9, 7]
16	46	2458	5	3	[3, 1]
41	41	2226	46	25	[3, 1]
58	46	4049	63	62	[3, 1]
68	11	2949	25	18	[63, 1]
23	41	1911	15	7	[3, 1]
72	11	3374	17	14	[3, 1]
75	26	1386	62	21	[3, 1]
60	16	507	57	7	[3, 1]
12	21	2492	23	14	[3, 1]
5	41	298	55	4	[9, 7]
47	31	3736	57	52	[3, 1]
67	11	1818	9	4	[3, 1]
19	31	2109	33	17	[3, 1]
68	36	1125	51	14	[3, 1]
14	31	2320	30	17	[9, 7]
74	36	1412	29	10	[3, 1]
20	36	3741	23	21	[3, 1]
5	11	2691	35	23	[3, 1]
48	31	1059	58	15	[3, 1]
56	31	3943	27	26	[3, 1]
37	31	2085	55	28	[9, 7]
34	21	3652	37	33	[63, 1]
68	21	3635	62	55	[3, 1]
36	36	696	53	9	[3, 1]
48	26	176	47	2	[3, 1]
36	1	2423	49	29	[63, 1]
9	11	3473	46	39	[3, 1]
63	41	1690	63	26	[3, 1]
6	41	2476	43	26	[9, 7]
21	6	462	62	7	[3, 1]
1	31	2730	3	2	[3, 1]
14	41	2905	55	39	[9, 7]
37	46	1699	41	17	[3, 1]
34	36	1433	20	7	[3, 1]
18	1	3717	54	49	[9, 7]
7	1	1162	60	17	[63, 1]
7	6	2286	43	24	[9, 7]
46	31	3423	61	51	[63, 1]
47	1	1478	61	22	[63, 1]
17	11	3455	32	27	[3, 1]
18	36	1095	56	15	[3, 1]
76	11	2737	3	2	[3, 1]
57	41	3753	12	11	[63, 1]
38	1	3057	63	47	[3, 1]
22	41	1413	29	10	[3, 1]
8	46	1026	4	1	[3, 1]
8	31	2540	50	31	[3, 1]
66	41	2002	45	22	[3, 1]
2	46	489	42	5	[9, 7]
73	6	1558	50	19	[3, 1]
20	16	2702	47	31	[3, 1]
49	6	2660	57	37	[3, 1]
49	31	3868	18	17	[9, 7]
75	46	2087	53	27	[3, 1]
16	31	490	25	3	[63, 1]
30	41	711	23	4	[3, 1]
29	31	429	19	2	[9, 7]
47	11	2331	58	33	[3, 1]
69	21	1171	7	2	[9, 7]
32	46	1392	50	17	[3, 1]
41	31	2671	23	15	[3, 1]
69	26	1423	23	8	[3, 1]
43	31	3991	39	38	[3, 1]
48	36	504	57	7	[3, 1]
6	26	2560	8	5	[3, 1]
8	11	2794	22	15	[3, 1]
70	36	2087	53	27	[3, 1]
7	21	2450	62	37	[3, 1]
23	36	2704	50	33	[3, 1]
1	46	3365	28	23	[3, 1]
35	21	1932	53	25	[3, 1]
41	11	2018	63	31	[3, 1]
18	41	3358	61	50	[63, 1]
47	16	1683	56	23	[3, 1]
50	31	1152	32	9	[3, 1]
1	26	1365	3	1	[3, 1]
18	46	962	17	4	[3, 1]
72	41	889	23	5	[3, 1]
37	41	4070	1	1	[63, 1]
24	41	2995	26	19	[3, 1]
19	36	3984	37	36	[63, 1]
38	41	3617	60	53	[63, 1]
11	41	1910	15	7	[3, 1]
29	1	3929	49	47	[63, 1]
62	11	235	35	2	[3, 1]
56	6	3391	29	24	[3, 1]
33	6	2005	47	23	[3, 1]
1	11	3413	6	5	[9, 7]
67	46	1961	48	23	[63, 1]
57	6	561	51	7	[3, 1]
46	46	2328	44	25	[3, 1]
44	1	1940	19	9	[9, 7]
47	46	1508	19	7	[9, 7]
5	36	1365	3	1	[3, 1]
73	41	3217	14	11	[3, 1]
18	11	2212	50	27	[3, 1]
52	16	2157	19	10	[9, 7]
70	1	574	50	7	[3, 1]
52	21	1409	32	11	[3, 1]
27	41	2030	63	31	[3, 1]
39	11	1151	32	9	[3, 1]
29	26	1520	62	23	[3, 1]
50	1	2196	28	15	[3, 1]
57	1	3558	61	53	[63, 1]
10	6	2825	29	20	[3, 1]
58	1	860	62	13	[3, 1]
63	16	2513	44	27	[3, 1]
16	21	1404	35	12	[3, 1]
5	46	1134	47	13	[3, 1]
48	16	1875	59	27	[3, 1]
53	46	2660	57	37	[3, 1]
31	21	3874	37	35	[63, 1]
15	1	3977	34	33	[3, 1]
14	16	1613	33	13	[3, 1]
33	46	3556	53	46	[3, 1]
71	11	1405	35	12	[3, 1]
24	11	1318	59	19	[3, 1]
53	41	279	44	3	[3, 1]
23	21	2533	55	34	[9, 7]
50	41	980	46	11	[3, 1]
21	21	2568	59	37	[3, 1]
64	11	1990	35	17	[3, 1]
33	31	2785	25	17	[63, 1]
76	21	927	53	12	[3, 1]
24	36	3870	18	17	[9, 7]
30	11	676	61	10	[63, 1]
69	6	2234	11	6	[3, 1]
23	11	771	53	10	[3, 1]
69	31	2230	57	31	[3, 1]
72	6	1318	59	19	[3, 1]
38	21	5	1	0	[63, 1]
75	41	1010	61	15	[63, 1]
64	16	1556	50	19	[3, 1]
21	36	1909	58	27	[3, 1]
67	31	2262	38	21	[3, 1]
14	1	863	19	4	[9, 7]
59	1	1871	46	21	[3, 1]
39	21	959	47	11	[3, 1]
57	36	2649	17	11	[3, 1]
35	46	2461	5	3	[3, 1]
39	46	3916	23	22	[3, 1]
70	41	148	55	2	[9, 7]
58	11	2773	31	21	[9, 7]
70	26	1463	14	5	[3, 1]
75	16	3413	6	5	[9, 7]
42	41	3567	31	27	[9, 7]
30	16	3241	24	19	[63, 1]
11	6	163	25	1	[63, 1]
21	16	433	19	2	[9, 7]
48	1	2762	43	29	[9, 7]
74	46	3700	31	28	[9, 7]
50	16	2231	11	6	[3, 1]
59	41	2142	44	23	[3, 1]
37	6	1391	53	18	[3, 1]
67	6	680	6	1	[9, 7]
38	46	1686	17	7	[3, 1]
64	6	2671	23	15	[3, 1]
44	31	3324	53	43	[3, 1]
66	26	3260	49	39	[63, 1]
41	26	1816	61	27	[63, 1]
38	16	1687	17	7	[3, 1]
42	1	2841	62	43	[3, 1]
46	6	2646	48	31	[63, 1]
62	16	708	52	9	[3, 1]
61	16	3916	23	22	[3, 1]
27	1	963	17	4	[3, 1]
15	41	53	63	1	[3, 1]
61	6	3503	62	53	[3, 1]
14	6	2720	3	2	[3, 1]
36	11	3295	46	37	[3, 1]
76	16	2377	50	29	[3, 1]
20	41	2749	61	41	[63, 1]
43	26	3909	22	21	[3, 1]
50	11	3755	12	11	[63, 1]
75	36	714	63	11	[3, 1]
21	26	1850	31	14	[9, 7]
34	46	1049	43	11	[9, 7]
5	6	2048	2	1	[3, 1]
39	41	1852	42	19	[9, 7]
65	1	1124	51	14	[3, 1]
29	16	1885	63	29	[3, 1]
29	6	3002	15	11	[3, 1]
74	31	3006	15	11	[3, 1]
42	46	383	32	3	[3, 1]
65	6	1402	38	13	[3, 1]
53	36	961	47	11	[3, 1]
26	41	995	37	9	[63, 1]
14	46	762	43	8	[9, 7]
26	46	2554	61	38	[63, 1]
74	21	3420	61	51	[63, 1]
33	41	2326	37	21	[63, 1]
19	21	2898	41	29	[3, 1]
75	6	4044	63	62	[3, 1]
57	21	1059	58	15	[3, 1]
67	41	1522	35	13	[3, 1]
16	41	3223	61	48	[63, 1]
56	11	2338	7	4	[9, 7]
27	36	3281	5	4	[3, 1]
52	46	1553	29	11	[3, 1]
0	6	0	0	0	[0, 0]
69	46	2654	54	35	[9, 7]
11	36	2976	11	8	[3, 1]
29	36	4072	1	1	[63, 1]
74	26	2459	5	3	[3, 1]
29	46	1867	57	26	[3, 1]
10	21	1118	11	3	[3, 1]
22	21	2351	54	31	[9, 7]
49	21	2549	45	28	[3, 1]
71	26	3610	59	52	[3, 1]
17	21	200	41	2	[3, 1]
2	6	681	6	1	[9, 7]
35	41	2028	63	31	[3, 1]
5	1	2815	16	11	[3, 1]
2	26	3755	12	11	[63, 1]
44	36	2638	59	38	[3, 1]
66	6	185	22	1	[3, 1]
58	41	1145	25	7	[63, 1]
23	1	3948	55	53	[9, 7]
52	41	855	24	5	[63, 1]
76	6	435	47	5	[3, 1]
19	41	1081	53	14	[3, 1]
70	46	2510	31	19	[9, 7]
56	16	1381	62	21	[3, 1]
44	41	2533	55	34	[9, 7]
57	46	133	31	1	[9, 7]
0	16	0	0	0	[0, 0]
0	41	2048	2	1	[3, 1]
34	11	1448	17	6	[3, 1]
53	11	4067	1	1	[63, 1]
19	1	2021	63	31	[3, 1]
23	6	1391	53	18	[3, 1]
23	31	1530	59	22	[3, 1]
63	31	1811	52	23	[3, 1]
41	6	1356	3	1	[3, 1]
9	46	324	38	3	[3, 1]
61	21	1190	31	9	[9, 7]
42	16	288	57	4	[3, 1]
7	31	3041	35	26	[3, 1]
17	46	3333	59	48	[3, 1]
61	36	2707	59	39	[3, 1]
62	31	1271	29	9	[3, 1]
0	26	2731	3	2	[3, 1]
56	21	3007	49	36	[63, 1]
76	46	1853	42	19	[9, 7]
62	6	43	63	1	[3, 1]
63	6	1002	45	11	[3, 1]
45	46	3193	59	46	[3, 1]
35	31	1438	57	20	[3, 1]
42	11	1605	51	20	[3, 1]
59	36	2871	57	40	[3, 1]
76	31	3651	46	41	[3, 1]
67	1	3629	35	31	[3, 1]
33	36	2154	19	10	[9, 7]
49	16	341	12	1	[63, 1]
35	1	3584	8	7	[3, 1]
46	21	3197	41	32	[3, 1]
36	6	4027	59	58	[3, 1]
20	46	2764	40	27	[3, 1]
27	11	1948	61	29	[63, 1]
62	46	3848	33	31	[3, 1]
58	16	1514	46	17	[3, 1]
53	31	1451	48	17	[63, 1]
33	1	181	45	2	[3, 1]
67	36	993	33	8	[3, 1]
34	41	804	56	11	[3, 1]
72	36	3310	47	38	[3, 1]
72	21	2482	33	20	[3, 1]
20	26	3906	43	41	[9, 7]
19	6	319	51	4	[3, 1]
24	16	347	59	5	[3, 1]
20	1	1272	29	9	[3, 1]
30	6	42	63	1	[3, 1]
5	21	3385	23	19	[3, 1]
41	16	176	47	2	[3, 1]
31	16	2714	62	41	[3, 1]
36	26	2410	17	10	[3, 1]
27	6	1165	60	17	[63, 1]
45	16	745	11	2	[3, 1]
32	41	1575	13	5	[63, 1]
69	1	2675	49	32	[63, 1]
58	26	2618	61	39	[63, 1]
56	36	1390	56	19	[3, 1]
28	11	2377	50	29	[3, 1]
2	36	2389	12	7	[63, 1]
36	31	3196	41	32	[3, 1]
2	21	1364	3	1	[3, 1]
17	31	1117	11	3	[3, 1]
22	1	3746	35	32	[3, 1]
31	1	2561	8	5	[3, 1]
61	1	755	38	7	[3, 1]
7	36	3348	60	49	[63, 1]
32	16	211	58	3	[3, 1]
31	6	1960	23	11	[3, 1]
9	41	1381	62	21	[3, 1]
27	46	1553	29	11	[3, 1]
0	31	2731	3	2	[3, 1]
66	1	914	9	2	[3, 1]
69	36	452	9	1	[3, 1]
64	36	1185	38	11	[3, 1]
72	46	642	51	8	[3, 1]
61	41	2446	62	37	[3, 1]
30	46	546	15	2	[3, 1]
71	41	2571	43	27	[9, 7]
46	1	1671	49	20	[63, 1]
22	31	3839	16	15	[3, 1]
32	36	2229	57	31	[3, 1]
36	41	2105	35	18	[3, 1]
32	21	2452	5	3	[3, 1]
30	21	3850	50	47	[3, 1]
71	31	2692	35	23	[3, 1]
44	26	3688	10	9	[3, 1]
7	16	2407	63	37	[3, 1]
2	1	8	1	0	[63, 1]
36	21	536	61	8	[63, 1]
28	46	1302	22	7	[3, 1]
76	1	3485	47	40	[3, 1]
68	26	82	50	1	[3, 1]
68	31	1014	61	15	[63, 1]
67	21	4057	63	62	[3, 1]
76	41	624	46	7	[3, 1]
66	46	1160	60	17	[63, 1]
45	6	75	55	1	[9, 7]
16	6	3758	61	56	[63, 1]
68	6	140	59	2	[3, 1]
49	46	3759	61	56	[63, 1]
9	26	1193	55	16	[9, 7]
41	46	1050	39	10	[3, 1]
28	26	2784	25	17	[63, 1]
26	26	1264	55	17	[9, 7]
59	46	2042	2	1	[3, 1]
58	6	2012	57	28	[3, 1]
0	21	1365	3	1	[3, 1]
44	6	127	32	1	[3, 1]
59	11	981	46	11	[3, 1]
22	11	361	34	3	[3, 1]
41	36	1226	10	3	[3, 1]
22	36	2235	11	6	[3, 1]
10	41	739	61	11	[63, 1]
63	36	1909	58	27	[3, 1]
10	11	3163	57	44	[3, 1]
68	41	1879	61	28	[63, 1]
41	21	1719	50	21	[3, 1]
16	16	1226	10	3	[3, 1]
37	21	2306	16	9	[3, 1]
71	16	1075	61	16	[63, 1]
65	31	923	40	9	[3, 1]
58	31	2594	30	19	[9, 7]
59	6	1070	23	6	[3, 1]
10	46	2852	56	39	[3, 1]
65	21	3560	61	53	[63, 1]
59	26	566	29	4	[3, 1]
17	41	1049	43	11	[9, 7]
49	41	2026	63	31	[3, 1]
9	31	459	62	7	[3, 1]
43	16	2063	2	1	[3, 1]
43	1	1796	57	25	[3, 1]
66	11	2682	55	36	[9, 7]
63	11	1995	39	19	[3, 1]
37	36	3661	47	42	[3, 1]
15	11	3460	58	49	[3, 1]
45	11	1586	31	12	[9, 7]
53	16	3666	19	17	[9, 7]
24	6	1569	47	18	[3, 1]
54	6	1451	48	17	[63, 1]
16	11	3871	55	52	[9, 7]
17	36	3057	63	47	[3, 1]
45	36	823	5	1	[3, 1]
42	31	1644	5	2	[3, 1]
48	6	46	63	1	[3, 1]
53	6	1985	33	16	[3, 1]
26	31	3510	7	6	[9, 7]
24	21	1108	37	10	[63, 1]
54	1	1255	62	19	[3, 1]
63	46	1153	32	9	[3, 1]
68	46	1642	5	2	[3, 1]
72	26	1173	7	2	[9, 7]
43	21	2773	31	21	[9, 7]
42	26	3207	23	18	[3, 1]
49	11	3614	17	15	[3, 1]
24	1	1372	3	1	[3, 1]
65	16	848	29	6	[3, 1]
64	1	1909	58	27	[3, 1]
26	11	3888	59	56	[3, 1]
72	31	352	35	3	[3, 1]
15	26	1069	23	6	[3, 1]
24	46	3588	8	7	[3, 1]
65	11	876	14	3	[3, 1]
28	6	2529	34	21	[3, 1]
64	46	217	19	1	[9, 7]
45	26	329	25	2	[63, 1]
28	31	2857	43	30	[9, 7]
54	41	3758	61	56	[63, 1]
48	11	816	5	1	[3, 1]
71	46	1626	63	25	[3, 1]
45	41	3339	27	22	[3, 1]
48	46	3104	33	25	[3, 1]
15	16	3465	13	11	[63, 1]
45	1	2487	28	17	[3, 1]
54	46	2602	63	40	[3, 1]
71	21	2046	2	1	[3, 1]
64	31	3553	53	46	[3, 1]
71	36	3777	51	47	[3, 1]
54	16	2137	23	12	[3, 1]
71	6	644	51	8	[3, 1]
64	26	1128	40	11	[3, 1]
64	21	1193	55	16	[9, 7]
3	47	2048	2	1	[3, 1]
40	37	2512	44	27	[3, 1]
51	2	1064	50	13	[3, 1]
77	27	1865	11	5	[3, 1]
60	12	1701	53	22	[3, 1]
73	2	280	44	3	[3, 1]
25	37	461	62	7	[3, 1]
55	27	2304	16	9	[3, 1]
21	42	1891	13	6	[63, 1]
13	2	1014	61	15	[63, 1]
40	22	1532	8	3	[3, 1]
8	27	2052	2	1	[3, 1]
12	7	3845	49	46	[63, 1]
4	7	2064	2	1	[3, 1]
47	7	4088	1	1	[63, 1]
3	12	1	1	0	[63, 1]
38	32	2964	47	34	[3, 1]
65	27	1723	19	8	[9, 7]
75	22	1637	5	2	[3, 1]
6	47	2275	9	5	[3, 1]
1	37	1365	3	1	[3, 1]
50	37	2483	33	20	[3, 1]
77	2	2935	60	43	[63, 1]
58	22	527	31	4	[9, 7]
74	42	3079	4	3	[3, 1]
14	37	1699	41	17	[3, 1]
18	7	1767	51	22	[3, 1]
39	32	1962	48	23	[63, 1]
29	22	3396	41	34	[3, 1]
11	17	1829	56	25	[3, 1]
34	32	1092	15	4	[3, 1]
5	32	667	43	7	[9, 7]
63	27	873	61	13	[63, 1]
61	32	39	63	1	[3, 1]
52	7	181	45	2	[3, 1]
59	22	1995	39	19	[3, 1]
33	17	3430	43	36	[9, 7]
69	12	3185	9	7	[3, 1]
30	27	470	61	7	[63, 1]
62	22	3966	63	61	[3, 1]
44	22	2051	2	1	[3, 1]
45	32	487	42	5	[9, 7]
19	27	2231	11	6	[3, 1]
36	47	3142	43	33	[9, 7]
9	7	732	28	5	[3, 1]
7	42	1536	8	3	[3, 1]
35	12	854	24	5	[63, 1]
26	17	1035	63	16	[3, 1]
77	7	1806	59	26	[3, 1]
22	17	3761	49	45	[63, 1]
27	32	85	48	1	[63, 1]
73	27	4052	63	62	[3, 1]
13	37	2328	44	25	[3, 1]
25	12	2882	27	19	[3, 1]
15	22	270	61	4	[63, 1]
67	17	2284	52	29	[3, 1]
10	27	0	0	0	[0, 0]
16	2	720	57	10	[3, 1]
42	7	2075	63	32	[3, 1]
4	27	2389	12	7	[63, 1]
17	27	2394	53	31	[3, 1]
51	32	3362	39	32	[3, 1]
71	2	3336	27	22	[3, 1]
25	27	195	21	1	[3, 1]
13	47	742	11	2	[3, 1]
4	2	810	61	12	[63, 1]
37	27	419	49	5	[63, 1]
51	22	3257	44	35	[3, 1]
12	32	1598	41	16	[3, 1]
12	17	1109	48	13	[63, 1]
65	47	3316	21	17	[3, 1]
55	2	446	46	5	[3, 1]
2	12	855	24	5	[63, 1]
46	12	2877	47	33	[3, 1]
32	7	916	58	13	[3, 1]
57	17	2142	44	23	[3, 1]
76	37	1699	41	17	[3, 1]
58	37	620	33	5	[3, 1]
0	12	2048	2	1	[3, 1]
21	47	2902	24	17	[63, 1]
55	12	3416	6	5	[9, 7]
28	22	1398	41	14	[3, 1]
41	2	904	59	13	[3, 1]
43	37	1570	60	23	[63, 1]
40	17	3674	29	26	[3, 1]
34	27	2200	54	29	[9, 7]
54	12	2015	63	31	[3, 1]
20	32	2871	57	40	[3, 1]
77	47	4049	63	62	[3, 1]
23	17	3277	5	4	[3, 1]
56	27	211	58	3	[3, 1]
3	17	171	24	1	[63, 1]
70	7	2119	29	15	[3, 1]
65	42	2270	56	31	[3, 1]
67	27	1269	42	13	[9, 7]
46	42	120	34	1	[3, 1]
66	32	305	27	2	[3, 1]
49	27	3761	49	45	[63, 1]
51	17	1755	7	3	[9, 7]
70	12	360	57	5	[3, 1]
47	42	2931	60	43	[63, 1]
18	17	1851	31	14	[9, 7]
47	27	898	41	9	[3, 1]
74	2	3499	48	41	[63, 1]
35	37	2109	33	17	[3, 1]
76	27	1707	12	5	[63, 1]
74	12	2182	62	33	[3, 1]
53	22	467	35	4	[3, 1]
39	27	4063	63	62	[3, 1]
6	7	1668	27	11	[3, 1]
61	27	3058	63	47	[3, 1]
8	37	625	59	9	[3, 1]
14	12	3295	46	37	[3, 1]
31	47	280	44	3	[3, 1]
1	17	2731	3	2	[3, 1]
45	22	1723	19	8	[9, 7]
72	2	841	39	8	[3, 1]
38	12	1778	53	23	[3, 1]
20	12	2476	43	26	[9, 7]
40	42	1464	14	5	[3, 1]
40	7	4077	1	1	[63, 1]
4	47	3019	19	14	[9, 7]
57	32	3073	4	3	[3, 1]
54	37	2078	63	32	[3, 1]
27	22	4067	1	1	[63, 1]
64	42	1213	27	8	[3, 1]
55	22	157	26	1	[3, 1]
22	27	2952	43	31	[9, 7]
31	37	325	63	5	[3, 1]
10	37	1653	57	23	[3, 1]
19	47	808	61	12	[63, 1]
69	17	2606	11	7	[3, 1]
48	22	2308	55	31	[9, 7]
13	7	1061	27	7	[3, 1]
43	42	3979	35	34	[3, 1]
28	42	957	30	7	[9, 7]
1	22	683	6	1	[9, 7]
40	32	198	62	3	[3, 1]
3	22	3756	12	11	[63, 1]
34	7	974	21	5	[3, 1]
39	37	2035	2	1	[3, 1]
51	27	1315	53	17	[3, 1]
72	17	2303	16	9	[3, 1]
77	32	747	11	2	[3, 1]
75	32	1155	39	11	[3, 1]
63	2	665	37	6	[63, 1]
6	12	2080	63	32	[3, 1]
49	2	3102	33	25	[3, 1]
59	17	2358	33	19	[3, 1]
77	22	424	29	3	[3, 1]
55	32	1607	51	20	[3, 1]
12	12	2481	33	20	[3, 1]
23	47	847	29	6	[3, 1]
25	22	1090	15	4	[3, 1]
33	27	792	31	6	[9, 7]
77	17	1207	61	18	[63, 1]
77	42	2612	58	37	[3, 1]
9	22	3844	49	46	[63, 1]
65	37	3130	55	42	[9, 7]
51	12	1487	11	4	[3, 1]
25	7	1393	50	17	[3, 1]
77	12	1058	31	8	[9, 7]
77	37	117	35	1	[3, 1]
2	42	2040	2	1	[3, 1]
57	12	2041	2	1	[3, 1]
51	47	1645	5	2	[3, 1]
13	42	1733	26	11	[3, 1]
51	42	3981	36	35	[63, 1]
8	7	1269	42	13	[9, 7]
25	17	783	47	9	[3, 1]
40	12	2518	13	8	[63, 1]
3	2	0	0	0	[0, 0]
44	47	4085	1	1	[63, 1]
51	7	2660	57	37	[3, 1]
51	37	1029	4	1	[3, 1]
4	22	129	32	1	[3, 1]
58	47	2123	27	14	[3, 1]
40	27	3139	30	23	[9, 7]
40	47	3088	61	46	[63, 1]
13	12	2281	61	34	[63, 1]
40	2	243	17	1	[3, 1]
38	37	3044	35	26	[3, 1]
0	2	3412	6	5	[9, 7]
68	22	1053	35	9	[3, 1]
4	12	1	1	0	[63, 1]
3	42	1813	61	27	[63, 1]
13	22	3607	42	37	[9, 7]
13	17	3712	32	29	[3, 1]
25	47	1372	3	1	[3, 1]
12	47	491	25	3	[63, 1]
12	27	2801	19	13	[9, 7]
4	37	2050	2	1	[3, 1]
30	37	653	44	7	[3, 1]
31	32	5	1	0	[63, 1]
25	32	3529	36	31	[63, 1]
13	27	3654	37	33	[63, 1]
4	32	651	44	7	[3, 1]
37	12	2314	23	13	[3, 1]
3	7	640	32	5	[3, 1]
13	32	3943	27	26	[3, 1]
4	42	2389	12	7	[63, 1]
12	42	2724	3	2	[3, 1]
3	37	2517	57	35	[3, 1]
23	27	2291	59	33	[3, 1]
12	2	3272	5	4	[3, 1]
60	7	2676	49	32	[63, 1]
25	2	1295	19	6	[9, 7]
4	17	2137	23	12	[3, 1]
25	42	2829	42	29	[9, 7]
55	7	1940	19	9	[9, 7]
55	42	785	47	9	[3, 1]
11	12	100	41	1	[3, 1]
12	22	685	6	1	[9, 7]
55	47	269	61	4	[63, 1]
19	17	1801	25	11	[63, 1]
7	47	2393	53	31	[3, 1]
3	27	555	59	8	[3, 1]
3	32	2176	32	17	[3, 1]
63	42	135	61	2	[63, 1]
12	37	837	44	9	[3, 1]
70	32	3369	62	51	[3, 1]
55	37	566	29	4	[3, 1]
44	12	1187	38	11	[3, 1]
65	2	1305	22	7	[3, 1]
55	17	2649	17	11	[3, 1]
36	37	1769	44	19	[3, 1]
26	7	509	8	1	[3, 1]
62	42	1554	29	11	[3, 1]
7	2	460	62	7	[3, 1]
18	27	864	19	4	[9, 7]
50	27	1680	39	16	[3, 1]
56	42	3942	53	51	[3, 1]
16	32	1728	45	19	[3, 1]
73	32	1404	35	12	[3, 1]
42	37	2938	46	33	[3, 1]
58	2	482	17	2	[3, 1]
10	7	3742	58	53	[3, 1]
52	12	947	13	3	[63, 1]
73	17	1422	49	17	[63, 1]
1	7	2731	3	2	[3, 1]
17	12	3094	45	34	[3, 1]
27	37	2422	22	13	[3, 1]
26	37	1038	63	16	[3, 1]
61	12	2319	53	30	[3, 1]
8	22	805	56	11	[3, 1]
30	32	2811	51	35	[3, 1]
74	37	167	49	2	[63, 1]
32	2	1805	59	26	[3, 1]
74	7	3187	9	7	[3, 1]
16	47	3978	35	34	[3, 1]
29	42	3377	57	47	[3, 1]
65	7	3838	16	15	[3, 1]
57	27	848	29	6	[3, 1]
21	32	3192	59	46	[3, 1]
18	37	2770	34	23	[3, 1]
18	22	256	16	1	[3, 1]
36	12	26	1	0	[63, 1]
47	37	3625	61	54	[63, 1]
69	27	1543	61	23	[63, 1]
21	2	1349	61	20	[63, 1]
73	12	3761	49	45	[63, 1]
9	2	3770	63	58	[3, 1]
63	17	1037	63	16	[3, 1]
6	32	2562	8	5	[3, 1]
73	37	1232	10	3	[3, 1]
73	22	1893	13	6	[63, 1]
5	12	1707	12	5	[63, 1]
39	17	43	63	1	[3, 1]
2	17	1345	61	20	[63, 1]
1	2	682	6	1	[9, 7]
15	2	362	34	3	[3, 1]
50	22	2335	58	33	[3, 1]
66	37	3853	17	16	[3, 1]
9	37	691	59	10	[3, 1]
52	32	70	59	1	[3, 1]
73	47	2153	59	31	[3, 1]
44	17	3129	55	42	[9, 7]
34	22	2544	29	18	[3, 1]
21	12	246	50	3	[3, 1]
65	17	3763	37	34	[63, 1]
38	2	470	61	7	[63, 1]
24	32	3732	45	41	[3, 1]
33	22	2224	35	19	[3, 1]
28	2	2879	37	26	[63, 1]
19	32	311	53	4	[3, 1]
49	32	2667	43	28	[9, 7]
34	47	3472	46	39	[3, 1]
35	17	2155	19	10	[9, 7]
67	2	1550	37	14	[63, 1]
73	42	2131	25	13	[63, 1]
11	2	2041	2	1	[3, 1]
65	22	3455	32	27	[3, 1]
68	17	4059	63	62	[3, 1]
37	2	3606	25	22	[63, 1]
52	27	2391	12	7	[63, 1]
69	7	3181	58	45	[3, 1]
1	42	747	11	2	[3, 1]
2	47	2560	8	5	[3, 1]
9	12	2478	38	23	[3, 1]
47	12	340	12	1	[63, 1]
69	22	2655	54	35	[9, 7]
65	32	3959	30	29	[9, 7]
34	37	3466	13	11	[63, 1]
43	32	1346	61	20	[63, 1]
66	17	2287	43	24	[9, 7]
58	17	1512	46	17	[3, 1]
11	27	2128	52	27	[3, 1]
38	7	3842	16	15	[3, 1]
8	42	2304	16	9	[3, 1]
0	37	2731	3	2	[3, 1]
53	2	846	63	13	[3, 1]
8	17	2145	21	11	[3, 1]
35	27	2099	41	21	[3, 1]
6	27	3435	31	26	[9, 7]
9	17	3360	39	32	[3, 1]
48	42	1645	5	2	[3, 1]
50	32	237	52	3	[3, 1]
17	22	2686	61	40	[63, 1]
47	32	1225	57	17	[3, 1]
21	7	3531	29	25	[3, 1]
1	27	2731	3	2	[3, 1]
47	2	1024	4	1	[3, 1]
14	22	3447	63	53	[3, 1]
45	47	110	37	1	[63, 1]
5	17	1537	8	3	[3, 1]
54	32	2832	55	38	[9, 7]
26	42	2811	51	35	[3, 1]
34	12	3152	13	10	[63, 1]
27	42	2036	2	1	[3, 1]
53	27	1817	9	4	[3, 1]
60	42	1409	32	11	[3, 1]
5	42	2120	56	29	[3, 1]
47	22	1220	47	14	[3, 1]
73	7	1082	53	14	[3, 1]
65	12	1380	62	21	[3, 1]
29	32	992	33	8	[3, 1]
33	12	2586	19	12	[9, 7]
74	27	3264	59	47	[3, 1]
34	17	3629	35	31	[3, 1]
47	17	3556	53	46	[3, 1]
6	37	3159	35	27	[3, 1]
23	37	117	35	1	[3, 1]
33	32	2085	55	28	[9, 7]
27	17	2074	63	32	[3, 1]
37	32	3053	55	41	[9, 7]
67	47	1008	61	15	[63, 1]
19	37	1805	59	26	[3, 1]
18	2	2124	27	14	[3, 1]
6	2	1195	24	7	[63, 1]
31	12	1832	38	17	[3, 1]
43	12	2345	7	4	[9, 7]
39	42	1918	47	22	[3, 1]
39	2	3444	44	37	[3, 1]
6	42	2050	2	1	[3, 1]
38	27	2924	7	5	[9, 7]
20	7	3222	61	48	[63, 1]
57	7	2748	61	41	[63, 1]
62	37	1393	50	17	[3, 1]
42	47	828	59	12	[3, 1]
33	7	263	31	2	[9, 7]
6	17	3712	32	29	[3, 1]
46	17	143	57	2	[3, 1]
14	27	1574	13	5	[63, 1]
14	32	2022	63	31	[3, 1]
6	22	1287	35	11	[3, 1]
18	47	3564	54	47	[9, 7]
34	42	2415	39	23	[3, 1]
8	2	987	54	13	[9, 7]
61	47	872	47	10	[3, 1]
21	17	1538	8	3	[3, 1]
47	47	1966	25	12	[63, 1]
17	47	1648	62	25	[3, 1]
22	7	3590	57	50	[3, 1]
34	2	276	59	4	[3, 1]
8	12	2124	27	14	[3, 1]
39	7	2720	3	2	[3, 1]
10	17	2469	63	38	[3, 1]
18	12	1156	39	11	[3, 1]
11	32	2180	62	33	[3, 1]
72	7	3386	52	43	[3, 1]
60	22	2600	52	33	[3, 1]
61	37	1990	35	17	[3, 1]
37	17	1402	38	13	[3, 1]
32	12	2360	59	34	[3, 1]
14	2	2551	61	38	[63, 1]
44	2	2094	45	23	[3, 1]
58	42	1792	16	7	[3, 1]
21	22	813	5	1	[3, 1]
74	17	2571	43	27	[9, 7]
21	27	1019	4	1	[3, 1]
59	32	1107	37	10	[63, 1]
11	42	3696	41	37	[3, 1]
1	32	683	6	1	[9, 7]
74	22	806	61	12	[63, 1]
67	12	3602	58	51	[3, 1]
62	2	2428	27	16	[3, 1]
36	17	232	53	3	[3, 1]
22	42	3365	28	23	[3, 1]
1	12	2176	32	17	[3, 1]
21	37	3182	9	7	[3, 1]
46	27	1455	45	16	[3, 1]
58	32	972	59	14	[3, 1]
69	47	2182	62	33	[3, 1]
74	32	2796	63	43	[3, 1]
75	27	345	59	5	[3, 1]
35	22	3218	14	11	[3, 1]
9	47	994	33	8	[3, 1]
42	22	2367	45	26	[3, 1]
74	47	2627	53	34	[3, 1]
39	12	3183	9	7	[3, 1]
8	32	2159	55	29	[9, 7]
18	32	1701	53	22	[3, 1]
18	42	2978	11	8	[3, 1]
70	2	1745	54	23	[9, 7]
8	47	628	13	2	[63, 1]
2	32	512	8	1	[3, 1]
19	2	274	15	1	[3, 1]
26	22	3875	37	35	[63, 1]
46	37	1989	35	17	[3, 1]
19	12	429	19	2	[9, 7]
70	37	930	22	5	[3, 1]
35	7	3315	21	17	[3, 1]
64	47	2573	43	27	[9, 7]
29	12	3826	61	57	[63, 1]
58	12	1975	56	27	[3, 1]
14	17	2718	62	41	[3, 1]
43	7	3402	59	49	[3, 1]
58	27	1185	38	11	[3, 1]
62	27	2573	43	27	[9, 7]
52	37	2045	2	1	[3, 1]
76	22	3560	61	53	[63, 1]
1	47	2859	53	37	[3, 1]
43	47	3502	62	53	[3, 1]
41	27	1259	13	4	[63, 1]
70	22	2507	49	30	[63, 1]
46	32	2345	7	4	[9, 7]
32	32	3193	59	46	[3, 1]
23	12	2304	16	9	[3, 1]
20	22	4073	1	1	[63, 1]
58	7	264	31	2	[9, 7]
22	47	3556	53	46	[3, 1]
14	42	673	61	10	[63, 1]
63	22	1458	59	21	[3, 1]
35	2	2655	54	35	[9, 7]
76	12	3309	26	21	[3, 1]
57	2	86	48	1	[63, 1]
39	47	240	17	1	[3, 1]
39	22	2360	59	34	[3, 1]
76	47	2570	51	32	[3, 1]
15	37	2473	53	32	[3, 1]
43	27	374	11	1	[3, 1]
67	32	1069	23	6	[3, 1]
30	2	87	47	1	[3, 1]
57	22	3672	29	26	[3, 1]
50	47	340	12	1	[63, 1]
52	2	3891	20	19	[3, 1]
27	2	2837	13	9	[63, 1]
17	2	3575	55	48	[9, 7]
67	7	3071	4	3	[3, 1]
60	27	2920	59	42	[3, 1]
24	37	2631	14	9	[3, 1]
44	32	1756	7	3	[9, 7]
29	2	1753	7	3	[9, 7]
28	37	3230	52	41	[3, 1]
2	7	2048	2	1	[3, 1]
38	42	982	25	6	[63, 1]
76	17	2144	21	11	[3, 1]
38	17	513	8	1	[3, 1]
15	32	3366	28	23	[3, 1]
50	12	3953	57	55	[3, 1]
54	27	1694	29	12	[3, 1]
23	22	1344	61	20	[63, 1]
67	42	3198	41	32	[3, 1]
19	22	1443	54	19	[9, 7]
38	22	746	11	2	[3, 1]
38	47	1760	7	3	[9, 7]
46	22	1736	59	25	[3, 1]
15	7	1704	12	5	[63, 1]
67	22	3277	5	4	[3, 1]
5	37	3414	6	5	[9, 7]
32	27	2040	2	1	[3, 1]
36	2	2242	53	29	[3, 1]
7	7	689	59	10	[3, 1]
14	47	2274	9	5	[3, 1]
67	37	938	48	11	[63, 1]
44	37	774	37	7	[63, 1]
10	22	3221	61	48	[63, 1]
32	47	3695	51	46	[3, 1]
14	7	3713	32	29	[3, 1]
63	32	1844	20	9	[3, 1]
75	42	1066	50	13	[3, 1]
60	32	3406	59	49	[3, 1]
15	42	3699	31	28	[9, 7]
35	47	2966	29	21	[3, 1]
16	22	1627	63	25	[3, 1]
35	32	1958	23	11	[3, 1]
60	37	3792	27	25	[3, 1]
5	27	651	44	7	[3, 1]
2	37	3413	6	5	[9, 7]
57	37	1013	61	15	[63, 1]
7	22	9	1	0	[63, 1]
41	42	90	46	1	[3, 1]
61	42	3682	59	53	[3, 1]
75	7	3306	57	46	[3, 1]
50	17	1934	36	17	[63, 1]
5	47	554	37	5	[63, 1]
11	22	3626	61	54	[63, 1]
49	7	431	19	2	[9, 7]
23	2	4007	46	45	[3, 1]
0	7	682	6	1	[9, 7]
69	42	3626	61	54	[63, 1]
29	17	500	41	5	[3, 1]
62	7	3587	8	7	[3, 1]
35	42	3324	53	43	[3, 1]
46	47	1571	60	23	[63, 1]
52	17	4058	63	62	[3, 1]
7	27	2731	3	2	[3, 1]
10	32	2712	62	41	[3, 1]
56	32	1539	8	3	[3, 1]
70	47	558	22	3	[3, 1]
60	47	3494	34	29	[3, 1]
60	17	2361	59	34	[3, 1]
11	47	3124	59	45	[3, 1]
26	47	2057	2	1	[3, 1]
62	32	1777	53	23	[3, 1]
11	37	4091	1	1	[63, 1]
9	27	2082	61	31	[63, 1]
29	47	2317	53	30	[3, 1]
44	7	2394	53	31	[3, 1]
27	27	3485	47	40	[3, 1]
70	17	3596	41	36	[3, 1]
76	7	3235	19	15	[9, 7]
29	37	2481	33	20	[3, 1]
11	7	3394	35	29	[3, 1]
70	27	97	42	1	[9, 7]
19	7	231	53	3	[3, 1]
22	12	327	25	2	[63, 1]
19	42	1963	48	23	[63, 1]
30	12	3721	11	10	[3, 1]
59	12	3872	55	52	[9, 7]
27	7	2719	62	41	[3, 1]
10	2	2725	3	2	[3, 1]
61	17	141	29	1	[3, 1]
22	2	3893	61	58	[63, 1]
59	42	3028	23	17	[3, 1]
52	42	3983	36	35	[63, 1]
46	2	1088	49	13	[63, 1]
46	7	1635	5	2	[3, 1]
61	22	2804	19	13	[9, 7]
61	7	3410	6	5	[9, 7]
50	7	3521	57	49	[3, 1]
52	22	1596	59	23	[3, 1]
70	42	2882	27	19	[3, 1]
27	12	727	62	11	[3, 1]
68	2	1305	22	7	[3, 1]
44	42	3505	62	53	[3, 1]
23	42	2028	63	31	[3, 1]
5	22	1069	23	6	[3, 1]
75	47	625	59	9	[3, 1]
61	2	2038	2	1	[3, 1]
75	37	3782	13	12	[63, 1]
57	47	1559	21	8	[3, 1]
57	42	4050	63	62	[3, 1]
41	12	3482	20	17	[3, 1]
20	2	1002	45	11	[3, 1]
37	47	2236	11	6	[3, 1]
30	17	303	27	2	[3, 1]
30	42	1445	17	6	[3, 1]
5	7	3397	41	34	[3, 1]
22	22	2847	59	41	[3, 1]
75	12	3176	49	38	[63, 1]
33	2	313	13	1	[63, 1]
72	22	1405	35	12	[3, 1]
49	37	341	12	1	[63, 1]
53	12	249	33	2	[3, 1]
60	2	1077	19	5	[9, 7]
69	37	2516	57	35	[3, 1]
53	37	1375	3	1	[3, 1]
42	12	609	47	7	[3, 1]
62	12	266	46	3	[3, 1]
2	27	3771	63	58	[3, 1]
54	22	1026	4	1	[3, 1]
7	37	2566	59	37	[3, 1]
45	42	29	1	0	[63, 1]
53	32	2231	11	6	[3, 1]
71	12	2153	59	31	[3, 1]
52	47	779	21	4	[3, 1]
75	2	2032	2	1	[3, 1]
20	37	2656	37	24	[63, 1]
69	32	4050	63	62	[3, 1]
10	12	3889	59	56	[3, 1]
45	2	1380	62	21	[3, 1]
33	37	2029	63	31	[3, 1]
45	27	3108	29	22	[3, 1]
41	32	2449	62	37	[3, 1]
5	2	3175	40	31	[3, 1]
31	27	3277	5	4	[3, 1]
28	7	2628	53	34	[3, 1]
31	22	3184	9	7	[3, 1]
22	32	9	1	0	[63, 1]
42	17	751	60	11	[63, 1]
36	7	610	47	7	[3, 1]
62	17	2575	35	22	[3, 1]
69	2	3930	49	47	[63, 1]
9	42	490	25	3	[63, 1]
31	17	30	1	0	[63, 1]
44	27	2202	54	29	[9, 7]
45	17	3199	32	25	[3, 1]
10	47	3338	27	22	[3, 1]
42	2	790	57	11	[3, 1]
27	47	2654	54	35	[9, 7]
56	47	1073	42	11	[9, 7]
63	47	453	9	1	[3, 1]
49	22	1593	18	7	[9, 7]
30	47	802	46	9	[3, 1]
22	37	1969	52	25	[3, 1]
10	42	3686	10	9	[3, 1]
62	47	3451	19	16	[9, 7]
33	47	590	62	9	[3, 1]
59	2	2664	20	13	[3, 1]
20	42	3785	53	49	[3, 1]
71	17	3746	35	32	[3, 1]
33	42	135	61	2	[63, 1]
16	12	3039	31	23	[9, 7]
9	32	1585	31	12	[9, 7]
7	12	1696	29	12	[3, 1]
16	37	3309	26	21	[3, 1]
15	47	3361	39	32	[3, 1]
37	7	807	61	12	[63, 1]
45	7	144	57	2	[3, 1]
63	7	3578	63	55	[3, 1]
7	32	520	63	8	[3, 1]
30	7	2406	63	37	[3, 1]
50	42	2879	37	26	[63, 1]
32	42	364	45	4	[3, 1]
0	32	2730	3	2	[3, 1]
76	42	1559	21	8	[3, 1]
63	37	3919	23	22	[3, 1]
36	27	1644	5	2	[3, 1]
50	2	2662	20	13	[3, 1]
29	27	3053	55	41	[9, 7]
17	17	766	16	3	[3, 1]
0	42	3413	6	5	[9, 7]
75	17	620	33	5	[3, 1]
76	2	152	27	1	[3, 1]
66	27	4017	52	51	[3, 1]
0	47	2048	2	1	[3, 1]
17	7	3887	59	56	[3, 1]
30	22	1552	29	11	[3, 1]
42	27	382	43	4	[9, 7]
26	27	2890	17	12	[3, 1]
29	7	1736	59	25	[3, 1]
16	42	143	57	2	[3, 1]
56	12	801	46	9	[3, 1]
54	42	1011	61	15	[63, 1]
16	7	2793	22	15	[3, 1]
59	27	3835	47	44	[3, 1]
26	32	1053	35	9	[3, 1]
56	17	3887	59	56	[3, 1]
7	17	2735	3	2	[3, 1]
20	47	425	29	3	[3, 1]
20	17	2583	46	29	[3, 1]
23	32	3902	21	20	[3, 1]
26	2	4050	63	62	[3, 1]
26	12	1542	61	23	[63, 1]
59	47	3083	61	46	[63, 1]
2	2	0	0	0	[0, 0]
63	12	296	55	4	[9, 7]
76	32	1498	41	15	[3, 1]
20	27	645	19	3	[9, 7]
2	22	3412	6	5	[9, 7]
72	42	870	33	7	[3, 1]
37	42	2378	31	18	[9, 7]
59	37	730	28	5	[3, 1]
36	42	3687	10	9	[3, 1]
15	17	2098	41	21	[3, 1]
16	27	316	13	1	[63, 1]
66	42	1204	17	5	[3, 1]
36	32	3241	24	19	[63, 1]
17	32	1674	22	9	[3, 1]
36	22	3743	58	53	[3, 1]
23	7	3393	35	29	[3, 1]
59	7	360	57	5	[3, 1]
37	22	588	7	1	[9, 7]
45	12	4018	53	52	[3, 1]
48	17	160	51	2	[3, 1]
43	22	2135	48	25	[63, 1]
37	37	2065	63	32	[3, 1]
72	12	1090	15	4	[3, 1]
31	2	967	55	13	[9, 7]
56	2	3668	48	43	[63, 1]
71	7	2885	44	31	[3, 1]
45	37	2783	53	36	[3, 1]
42	42	1645	5	2	[3, 1]
56	7	1903	28	13	[3, 1]
56	22	2290	59	33	[3, 1]
0	27	3413	6	5	[9, 7]
41	37	3903	21	20	[3, 1]
43	17	2618	61	39	[63, 1]
43	2	947	13	3	[63, 1]
32	22	3673	29	26	[3, 1]
42	32	2393	53	31	[3, 1]
32	17	3681	59	53	[3, 1]
32	37	1205	17	5	[3, 1]
56	37	145	57	2	[3, 1]
28	32	3968	32	31	[3, 1]
16	17	2305	16	9	[3, 1]
48	2	1762	58	25	[3, 1]
64	27	2129	25	13	[63, 1]
66	22	2647	48	31	[63, 1]
17	37	3909	22	21	[3, 1]
17	42	3818	59	55	[3, 1]
68	37	746	11	2	[3, 1]
48	27	1938	55	26	[9, 7]
28	47	2983	59	43	[3, 1]
71	37	430	19	2	[9, 7]
72	37	3833	31	29	[9, 7]
28	27	679	6	1	[9, 7]
0	22	1362	3	1	[3, 1]
71	47	123	33	1	[3, 1]
41	47	3451	19	16	[9, 7]
31	42	2241	53	29	[3, 1]
53	47	739	61	11	[63, 1]
41	22	788	26	5	[3, 1]
0	17	1364	3	1	[3, 1]
71	32	2814	16	11	[3, 1]
28	17	3850	50	47	[3, 1]
15	27	651	44	7	[3, 1]
41	7	1902	28	13	[3, 1]
15	12	1413	29	10	[3, 1]
31	7	1077	19	5	[9, 7]
53	42	1132	47	13	[3, 1]
66	12	3158	48	37	[63, 1]
64	7	3764	37	34	[63, 1]
71	27	2765	40	27	[3, 1]
54	47	777	58	11	[3, 1]
41	17	382	43	4	[9, 7]
28	12	418	49	5	[63, 1]
66	47	1789	55	24	[9, 7]
54	7	148	55	2	[9, 7]
72	47	3842	16	15	[3, 1]
48	37	2845	36	25	[63, 1]
49	12	1374	3	1	[3, 1]
49	17	155	53	2	[3, 1]
68	42	1299	41	13	[3, 1]
54	17	58	63	1	[3, 1]
49	42	739	61	11	[63, 1]
54	2	3301	36	29	[63, 1]
71	42	2829	42	29	[9, 7]
66	7	2735	3	2	[3, 1]
66	2	3161	57	44	[3, 1]
71	22	3068	4	3	[3, 1]
64	37	1805	59	26	[3, 1]
49	47	766	16	3	[3, 1]
53	7	211	58	3	[3, 1]
72	27	68	60	1	[63, 1]
24	12	2895	58	41	[3, 1]
53	17	1663	32	13	[3, 1]
24	27	2595	30	19	[9, 7]
72	32	2172	49	26	[63, 1]
24	2	4046	63	62	[3, 1]
64	12	3109	54	41	[9, 7]
24	47	425	29	3	[3, 1]
24	22	2610	58	37	[3, 1]
64	17	1748	61	26	[63, 1]
48	12	1640	5	2	[3, 1]
68	47	1249	59	18	[3, 1]
68	7	2302	16	9	[3, 1]
68	32	809	61	12	[63, 1]
48	7	1464	14	5	[3, 1]
48	32	3342	38	31	[3, 1]
24	17	2844	36	25	[63, 1]
68	12	2422	22	13	[3, 1]
48	47	2955	61	44	[63, 1]
68	27	1682	56	23	[3, 1]
24	42	4035	63	62	[3, 1]
24	7	42	63	1	[3, 1]
64	32	523	47	6	[3, 1]
40	38	913	9	2	[3, 1]
64	2	1118	11	3	[3, 1]
77	28	394	52	5	[3, 1]
64	22	2925	7	5	[9, 7]
3	48	2316	23	13	[3, 1]
51	3	2737	3	2	[3, 1]
25	38	853	24	5	[63, 1]
73	3	3356	61	50	[63, 1]
55	28	1458	59	21	[3, 1]
60	13	3861	35	33	[3, 1]
13	3	2273	9	5	[3, 1]
21	43	2736	3	2	[3, 1]
40	23	1032	4	1	[3, 1]
4	8	687	6	1	[9, 7]
12	8	3649	55	49	[9, 7]
77	3	2683	29	19	[3, 1]
3	13	1391	53	18	[3, 1]
8	28	2517	57	35	[3, 1]
65	28	1411	61	21	[63, 1]
47	8	971	38	9	[3, 1]
38	33	715	63	11	[3, 1]
6	48	3222	61	48	[63, 1]
1	38	2731	3	2	[3, 1]
58	23	521	55	7	[9, 7]
75	23	405	61	6	[63, 1]
74	43	1256	62	19	[3, 1]
50	38	1820	9	4	[3, 1]
18	8	1111	59	16	[3, 1]
39	33	96	43	1	[9, 7]
14	38	2644	48	31	[63, 1]
34	33	541	53	7	[3, 1]
11	18	3537	22	19	[3, 1]
29	23	1522	35	13	[3, 1]
63	28	377	54	5	[9, 7]
5	33	1057	31	8	[9, 7]
77	8	1635	5	2	[3, 1]
61	33	3709	53	48	[3, 1]
33	18	244	50	3	[3, 1]
30	28	3094	45	34	[3, 1]
59	23	2724	3	2	[3, 1]
52	8	2506	49	30	[63, 1]
69	13	4053	63	62	[3, 1]
44	23	2776	59	40	[3, 1]
73	28	539	38	5	[3, 1]
62	23	1897	54	25	[9, 7]
19	28	818	5	1	[3, 1]
45	33	3942	53	51	[3, 1]
35	13	1010	61	15	[63, 1]
9	8	179	23	1	[3, 1]
67	18	334	49	4	[63, 1]
27	33	1341	55	18	[9, 7]
36	48	35	63	1	[3, 1]
22	18	1376	3	1	[3, 1]
13	38	1350	61	20	[63, 1]
51	33	1328	37	12	[63, 1]
26	18	961	47	11	[3, 1]
10	28	2569	59	37	[3, 1]
25	13	1428	43	15	[9, 7]
7	43	1540	8	3	[3, 1]
42	8	2781	53	36	[3, 1]
16	3	2541	29	18	[3, 1]
17	28	2402	29	17	[3, 1]
15	23	1333	43	14	[9, 7]
4	28	1246	23	7	[3, 1]
46	13	2845	36	25	[63, 1]
37	28	3251	63	50	[3, 1]
25	28	641	32	5	[3, 1]
51	23	3896	41	39	[3, 1]
13	48	186	22	1	[3, 1]
2	13	419	49	5	[63, 1]
65	48	3247	53	42	[3, 1]
4	3	2066	63	32	[3, 1]
40	18	208	59	3	[3, 1]
57	18	1873	35	16	[3, 1]
71	3	862	19	4	[9, 7]
32	8	3601	58	51	[3, 1]
76	38	2998	56	41	[3, 1]
55	3	2985	59	43	[3, 1]
12	33	1383	62	21	[3, 1]
0	13	683	6	1	[9, 7]
21	48	1345	61	20	[63, 1]
43	38	3603	58	51	[3, 1]
58	38	571	43	6	[9, 7]
34	28	3029	23	17	[3, 1]
23	18	3311	47	38	[3, 1]
28	23	808	61	12	[63, 1]
12	18	1414	55	19	[9, 7]
77	48	867	52	11	[3, 1]
56	28	1664	32	13	[3, 1]
41	3	1914	62	29	[3, 1]
3	18	1365	3	1	[3, 1]
20	33	3942	53	51	[3, 1]
55	13	707	29	5	[3, 1]
54	13	2927	7	5	[9, 7]
70	8	2838	13	9	[63, 1]
67	28	3505	62	53	[3, 1]
65	43	1117	11	3	[3, 1]
49	28	1075	61	16	[63, 1]
51	18	419	49	5	[63, 1]
18	18	2853	56	39	[3, 1]
46	43	2678	26	17	[3, 1]
6	8	930	22	5	[3, 1]
66	33	2716	62	41	[3, 1]
53	23	625	59	9	[3, 1]
8	38	3242	24	19	[63, 1]
35	38	1267	42	13	[9, 7]
70	13	2339	7	4	[9, 7]
76	28	853	24	5	[63, 1]
14	13	1361	3	1	[3, 1]
61	28	3218	14	11	[3, 1]
39	28	3395	35	29	[3, 1]
38	13	638	45	7	[3, 1]
1	18	1366	3	1	[3, 1]
31	48	2620	61	39	[63, 1]
45	23	3101	37	28	[63, 1]
20	13	1462	14	5	[3, 1]
27	23	1868	57	26	[3, 1]
64	43	1095	56	15	[3, 1]
72	3	2441	47	28	[3, 1]
48	23	1523	43	16	[9, 7]
43	43	3870	18	17	[9, 7]
22	28	1645	5	2	[3, 1]
74	3	3181	58	45	[3, 1]
74	13	1436	57	20	[3, 1]
69	18	3254	34	27	[3, 1]
47	28	600	41	6	[3, 1]
47	43	303	27	2	[3, 1]
57	33	845	63	13	[3, 1]
10	38	684	6	1	[9, 7]
54	38	3801	14	13	[3, 1]
49	3	163	25	1	[63, 1]
75	33	1922	49	23	[63, 1]
28	43	1895	54	25	[9, 7]
4	48	187	22	1	[3, 1]
55	23	689	59	10	[3, 1]
34	8	1605	51	20	[3, 1]
59	18	1672	49	20	[63, 1]
19	48	3225	47	37	[3, 1]
40	43	1048	43	11	[9, 7]
2	43	2304	16	9	[3, 1]
31	38	3135	47	36	[3, 1]
63	3	243	17	1	[3, 1]
68	23	2877	47	33	[3, 1]
40	8	3448	19	16	[9, 7]
33	28	974	21	5	[3, 1]
1	23	681	6	1	[9, 7]
39	38	1205	17	5	[3, 1]
23	48	36	63	1	[3, 1]
6	13	4	1	0	[63, 1]
13	8	2304	16	9	[3, 1]
61	13	2753	61	41	[63, 1]
51	28	335	49	4	[63, 1]
72	18	1516	27	10	[3, 1]
70	33	2553	61	38	[63, 1]
9	23	3142	43	33	[9, 7]
50	28	4034	63	62	[3, 1]
30	38	2878	37	26	[63, 1]
16	33	4071	1	1	[63, 1]
24	33	2582	46	29	[3, 1]
25	8	2186	15	8	[3, 1]
77	23	2568	59	37	[3, 1]
51	48	1546	53	20	[3, 1]
65	38	3541	59	51	[3, 1]
29	43	2843	49	34	[63, 1]
60	8	118	35	1	[3, 1]
0	3	2048	2	1	[3, 1]
11	13	827	59	12	[3, 1]
77	43	2433	32	19	[3, 1]
77	18	3568	31	27	[9, 7]
77	13	981	46	11	[3, 1]
77	33	1438	57	20	[3, 1]
77	38	4045	63	62	[3, 1]
3	23	917	58	13	[3, 1]
8	8	2745	61	41	[63, 1]
58	48	3129	55	42	[9, 7]
51	38	4063	63	62	[3, 1]
51	13	290	57	4	[3, 1]
12	13	1842	20	9	[3, 1]
40	33	111	37	1	[63, 1]
51	8	2518	13	8	[63, 1]
51	43	3015	53	39	[3, 1]
38	38	2787	25	17	[63, 1]
4	13	3216	14	11	[3, 1]
57	13	101	41	1	[3, 1]
40	13	3444	44	37	[3, 1]
19	18	3810	43	40	[9, 7]
55	33	2574	35	22	[3, 1]
55	43	195	21	1	[3, 1]
40	28	204	20	1	[3, 1]
13	13	3168	53	41	[3, 1]
40	48	884	51	11	[3, 1]
66	18	3016	53	39	[3, 1]
4	23	2086	53	27	[3, 1]
25	23	1143	43	12	[9, 7]
4	33	3349	11	9	[3, 1]
55	8	579	57	8	[3, 1]
40	3	1811	52	23	[3, 1]
4	38	0	0	0	[0, 0]
44	48	2383	55	32	[9, 7]
67	3	1336	46	15	[3, 1]
25	18	3365	28	23	[3, 1]
55	48	1472	39	14	[3, 1]
13	28	3869	18	17	[9, 7]
12	48	2657	37	24	[63, 1]
13	43	554	37	5	[63, 1]
13	23	3352	11	9	[3, 1]
4	43	1307	47	15	[3, 1]
4	18	2049	2	1	[3, 1]
13	18	1973	27	13	[3, 1]
55	18	2850	23	16	[3, 1]
55	38	525	39	5	[3, 1]
25	33	2491	51	31	[3, 1]
25	48	863	19	4	[9, 7]
13	33	3941	53	51	[3, 1]
25	3	2869	10	7	[3, 1]
65	3	3123	59	45	[3, 1]
52	33	457	9	1	[3, 1]
32	3	1026	4	1	[3, 1]
3	43	2721	3	2	[3, 1]
5	18	3759	61	56	[63, 1]
45	48	2623	25	16	[63, 1]
3	3	2731	3	2	[3, 1]
12	43	2723	3	2	[3, 1]
12	28	3299	36	29	[63, 1]
25	43	2826	29	20	[3, 1]
30	33	3807	57	53	[3, 1]
12	38	3170	31	24	[9, 7]
12	23	513	8	1	[3, 1]
62	43	2395	53	31	[3, 1]
12	3	756	38	7	[3, 1]
23	28	2812	51	35	[3, 1]
31	33	3466	13	11	[63, 1]
26	8	1322	31	10	[9, 7]
3	28	2699	44	29	[3, 1]
77	29	2088	51	26	[3, 1]
3	38	1	1	0	[63, 1]
58	3	1865	11	5	[3, 1]
52	13	213	58	3	[3, 1]
3	8	2818	16	11	[3, 1]
42	38	3144	43	33	[9, 7]
63	43	2167	17	9	[3, 1]
8	23	3872	55	52	[9, 7]
57	28	1122	62	17	[3, 1]
65	8	3127	55	42	[9, 7]
3	33	3345	60	49	[63, 1]
7	48	159	26	1	[3, 1]
53	3	1105	63	17	[3, 1]
74	38	3045	39	29	[3, 1]
36	38	319	51	4	[3, 1]
10	8	4	1	0	[63, 1]
14	28	1131	29	8	[3, 1]
65	33	3604	25	22	[63, 1]
51	4	1575	13	5	[63, 1]
17	13	2113	31	16	[9, 7]
1	8	683	6	1	[9, 7]
65	23	1054	35	9	[3, 1]
73	33	3910	22	21	[3, 1]
39	8	2230	57	31	[3, 1]
65	18	1568	47	18	[3, 1]
65	13	1809	43	19	[9, 7]
27	38	206	20	1	[3, 1]
64	48	3687	10	9	[3, 1]
47	13	3145	56	43	[3, 1]
2	48	3654	37	33	[63, 1]
16	48	4017	52	51	[3, 1]
34	13	1469	53	19	[3, 1]
38	3	1283	51	16	[3, 1]
6	23	640	32	5	[3, 1]
8	18	1371	3	1	[3, 1]
18	28	1072	42	11	[9, 7]
24	38	3843	49	46	[63, 1]
14	23	1702	53	22	[3, 1]
34	48	740	61	11	[63, 1]
18	23	3990	39	38	[3, 1]
47	33	3152	13	10	[63, 1]
43	13	453	9	1	[3, 1]
6	38	2619	61	39	[63, 1]
34	18	767	16	3	[3, 1]
47	38	2693	35	23	[3, 1]
56	43	3930	49	47	[63, 1]
28	3	601	34	5	[3, 1]
66	38	801	46	9	[3, 1]
1	3	1398	41	14	[3, 1]
34	38	3865	53	50	[3, 1]
6	3	2478	38	23	[3, 1]
44	13	2631	14	9	[3, 1]
7	3	3429	43	36	[9, 7]
21	8	325	63	5	[3, 1]
37	3	111	37	1	[63, 1]
74	28	638	45	7	[3, 1]
47	18	1522	35	13	[3, 1]
39	18	3150	13	10	[63, 1]
69	23	414	59	6	[3, 1]
1	43	2735	3	2	[3, 1]
39	3	2708	59	39	[3, 1]
1	28	2827	42	29	[9, 7]
34	23	3128	55	42	[9, 7]
35	18	2473	53	32	[3, 1]
40	39	116	35	1	[3, 1]
20	23	1808	34	15	[3, 1]
74	8	1978	29	14	[3, 1]
22	8	3282	5	4	[3, 1]
47	3	1583	44	17	[3, 1]
58	18	484	59	7	[3, 1]
47	23	235	35	2	[3, 1]
34	43	2608	11	7	[3, 1]
34	3	2094	45	23	[3, 1]
74	23	2012	57	28	[3, 1]
47	48	543	53	7	[3, 1]
74	18	2651	17	11	[3, 1]
23	38	125	33	1	[3, 1]
46	33	2094	45	23	[3, 1]
18	38	3555	53	46	[3, 1]
14	33	3952	57	55	[3, 1]
6	28	3413	6	5	[9, 7]
9	3	2004	47	23	[3, 1]
27	43	927	53	12	[3, 1]
6	33	1374	3	1	[3, 1]
55	29	962	17	4	[3, 1]
6	18	1705	12	5	[63, 1]
0	38	2048	2	1	[3, 1]
2	18	1110	48	13	[63, 1]
69	8	3133	17	13	[3, 1]
6	43	1365	3	1	[3, 1]
39	23	2237	11	6	[3, 1]
1	13	2731	3	2	[3, 1]
17	23	1526	51	19	[3, 1]
35	28	1941	19	9	[9, 7]
68	18	591	62	9	[3, 1]
58	8	3130	55	42	[9, 7]
74	48	2324	37	21	[63, 1]
73	13	1030	4	1	[3, 1]
74	33	2878	37	26	[63, 1]
73	18	1885	63	29	[3, 1]
73	23	3224	47	37	[3, 1]
39	43	3553	53	46	[3, 1]
25	39	430	19	2	[9, 7]
38	28	3642	9	8	[3, 1]
36	13	2784	25	17	[63, 1]
18	3	2538	50	31	[3, 1]
58	43	2973	62	45	[3, 1]
27	18	1725	19	8	[9, 7]
1	33	3349	11	9	[3, 1]
45	43	656	25	4	[63, 1]
75	8	1101	26	7	[3, 1]
21	3	3092	53	40	[3, 1]
29	33	196	21	1	[3, 1]
38	8	3738	57	52	[3, 1]
11	28	2512	44	27	[3, 1]
58	33	3148	13	10	[63, 1]
62	3	2977	11	8	[3, 1]
1	48	1397	44	15	[3, 1]
70	23	1100	41	11	[3, 1]
20	8	1735	59	25	[3, 1]
46	18	2353	47	27	[3, 1]
26	38	2867	10	7	[3, 1]
63	18	565	29	4	[3, 1]
39	13	2369	19	11	[9, 7]
76	48	2530	34	21	[3, 1]
58	28	1969	52	25	[3, 1]
18	33	1280	16	5	[3, 1]
8	43	686	6	1	[9, 7]
58	13	3495	34	29	[3, 1]
39	48	2751	61	41	[63, 1]
44	18	3466	13	11	[63, 1]
73	48	2515	57	35	[3, 1]
35	23	3860	52	49	[3, 1]
69	28	2644	48	31	[63, 1]
9	38	3301	36	29	[63, 1]
59	33	3043	35	26	[3, 1]
73	43	3426	55	46	[9, 7]
42	48	3822	15	14	[3, 1]
35	3	2186	15	8	[3, 1]
18	43	2917	59	42	[3, 1]
70	3	2991	63	46	[3, 1]
50	23	2457	5	3	[3, 1]
18	48	2023	63	31	[3, 1]
38	18	258	16	1	[3, 1]
18	13	208	59	3	[3, 1]
61	43	2225	46	25	[3, 1]
69	48	2507	49	30	[63, 1]
8	33	2389	12	7	[63, 1]
46	28	937	35	8	[3, 1]
38	48	1744	54	23	[9, 7]
8	3	2577	62	39	[3, 1]
61	48	2617	36	23	[63, 1]
67	43	2316	23	13	[3, 1]
61	38	671	61	10	[63, 1]
61	8	3017	19	14	[9, 7]
19	38	2549	45	28	[3, 1]
53	28	1639	5	2	[3, 1]
67	13	3438	56	47	[3, 1]
54	33	1572	60	23	[63, 1]
4	9	3156	61	47	[63, 1]
38	23	3757	12	11	[63, 1]
23	23	3212	51	40	[3, 1]
67	8	2232	11	6	[3, 1]
46	38	1337	49	16	[63, 1]
14	48	1335	46	15	[3, 1]
8	48	3766	62	57	[3, 1]
76	23	2332	58	33	[3, 1]
5	13	2592	49	31	[63, 1]
43	48	599	41	6	[3, 1]
35	8	1049	43	11	[9, 7]
33	13	742	11	2	[3, 1]
46	8	1652	62	25	[3, 1]
13	4	825	5	1	[3, 1]
70	48	3059	63	47	[3, 1]
67	33	215	19	1	[9, 7]
61	18	3615	17	15	[3, 1]
14	3	559	22	3	[3, 1]
14	8	1018	4	1	[3, 1]
14	18	2986	48	35	[63, 1]
9	13	867	52	11	[3, 1]
76	18	3550	15	13	[3, 1]
21	38	2546	37	23	[63, 1]
70	38	1268	42	13	[9, 7]
14	43	685	6	1	[9, 7]
70	18	275	15	1	[3, 1]
57	3	522	55	7	[9, 7]
76	13	513	8	1	[3, 1]
15	3	2442	52	31	[3, 1]
19	3	1134	47	13	[3, 1]
67	48	2149	61	32	[63, 1]
35	33	2499	59	36	[3, 1]
22	48	3616	17	15	[3, 1]
57	23	3829	46	43	[3, 1]
43	8	4009	47	46	[3, 1]
57	38	3645	9	8	[3, 1]
27	3	871	47	10	[3, 1]
70	43	1997	41	20	[3, 1]
70	28	3751	59	54	[3, 1]
8	13	2100	39	20	[3, 1]
35	48	1149	57	16	[3, 1]
77	4	3622	26	23	[3, 1]
61	3	2602	63	40	[3, 1]
67	23	1615	33	13	[3, 1]
27	28	3623	26	23	[3, 1]
21	18	3576	63	55	[3, 1]
27	8	3922	47	45	[3, 1]
57	8	2057	2	1	[3, 1]
61	23	1195	24	7	[63, 1]
38	43	3840	16	15	[3, 1]
43	33	1458	59	21	[3, 1]
46	48	2721	3	2	[3, 1]
21	28	2029	63	31	[3, 1]
35	43	394	52	5	[3, 1]
21	23	1393	50	17	[3, 1]
0	8	2732	3	2	[3, 1]
20	38	2093	45	23	[3, 1]
45	28	2847	59	41	[3, 1]
73	8	2613	58	37	[3, 1]
67	38	502	49	6	[63, 1]
57	43	1707	12	5	[63, 1]
52	28	1941	19	9	[9, 7]
57	48	2177	32	17	[3, 1]
2	28	2080	63	32	[3, 1]
26	23	1041	59	15	[3, 1]
54	28	1821	9	4	[3, 1]
17	48	2762	43	29	[9, 7]
19	8	1855	53	24	[3, 1]
20	3	70	59	1	[3, 1]
22	43	4036	63	62	[3, 1]
19	33	2840	62	43	[3, 1]
46	3	3063	63	47	[3, 1]
73	38	1845	20	9	[3, 1]
44	33	3844	49	46	[63, 1]
33	33	988	29	7	[3, 1]
46	23	1880	61	28	[63, 1]
37	13	2475	48	29	[63, 1]
32	13	615	20	3	[3, 1]
75	28	1730	45	19	[3, 1]
69	43	1560	21	8	[3, 1]
63	48	1795	57	25	[3, 1]
63	8	754	38	7	[3, 1]
27	13	1007	61	15	[63, 1]
9	18	3177	49	38	[63, 1]
27	48	3355	61	50	[63, 1]
20	43	1510	19	7	[9, 7]
40	24	1761	58	25	[3, 1]
33	23	2743	61	41	[63, 1]
10	18	1522	35	13	[3, 1]
43	28	2323	37	21	[63, 1]
22	3	883	51	11	[3, 1]
76	43	1643	5	2	[3, 1]
21	13	2692	35	23	[3, 1]
20	18	3461	58	49	[3, 1]
69	3	3056	63	47	[3, 1]
12	9	3232	19	15	[9, 7]
21	33	3989	38	37	[3, 1]
19	23	2050	2	1	[3, 1]
10	3	11	1	0	[63, 1]
56	13	3876	56	53	[3, 1]
45	13	1240	33	10	[3, 1]
50	48	1546	53	20	[3, 1]
3	49	3670	48	43	[63, 1]
29	48	3001	56	41	[3, 1]
62	8	2366	45	26	[3, 1]
76	8	1131	29	8	[3, 1]
32	28	1049	43	11	[9, 7]
33	48	3594	49	43	[63, 1]
52	38	1412	29	10	[3, 1]
43	23	1774	30	13	[9, 7]
31	13	1083	53	14	[3, 1]
72	23	3946	55	53	[9, 7]
19	13	3527	36	31	[63, 1]
45	18	50	63	1	[3, 1]
32	48	3662	47	42	[3, 1]
44	3	3724	11	10	[3, 1]
19	43	1909	58	27	[3, 1]
20	48	2190	58	31	[3, 1]
10	48	2183	15	8	[3, 1]
16	23	2199	54	29	[9, 7]
10	43	2746	61	41	[63, 1]
10	23	1542	61	23	[63, 1]
76	33	659	56	9	[3, 1]
29	13	878	14	3	[3, 1]
69	33	366	56	5	[3, 1]
54	23	3265	59	47	[3, 1]
72	8	292	14	1	[3, 1]
22	13	1765	58	25	[3, 1]
22	38	508	8	1	[3, 1]
76	3	2472	58	35	[3, 1]
23	43	237	52	3	[3, 1]
22	23	3505	62	53	[3, 1]
0	43	683	6	1	[9, 7]
22	33	1155	39	11	[3, 1]
29	38	3509	7	6	[9, 7]
10	33	1377	62	21	[3, 1]
28	38	3541	59	51	[3, 1]
45	3	2885	44	31	[3, 1]
43	3	2826	29	20	[3, 1]
45	8	1584	44	17	[3, 1]
33	8	3341	38	31	[3, 1]
20	28	911	9	2	[3, 1]
69	38	3929	49	47	[63, 1]
64	8	997	37	9	[63, 1]
62	38	2905	55	39	[9, 7]
63	33	2754	58	39	[3, 1]
10	13	2619	61	39	[63, 1]
11	43	1041	59	15	[3, 1]
11	3	2804	19	13	[9, 7]
45	38	1758	7	3	[9, 7]
44	38	2382	43	25	[9, 7]
23	13	2498	41	25	[3, 1]
37	33	1796	57	25	[3, 1]
75	13	1270	29	9	[3, 1]
2	33	2987	48	35	[63, 1]
43	18	1277	61	19	[63, 1]
9	48	649	63	10	[3, 1]
2	23	978	46	11	[3, 1]
2	8	2746	61	41	[63, 1]
49	8	3303	31	25	[9, 7]
23	3	1179	59	17	[3, 1]
37	48	301	41	3	[3, 1]
52	43	2694	38	25	[3, 1]
49	43	309	53	4	[3, 1]
50	33	1527	59	22	[3, 1]
11	38	1684	56	23	[3, 1]
37	18	2332	58	33	[3, 1]
44	8	1642	5	2	[3, 1]
2	38	3413	6	5	[9, 7]
9	43	130	63	2	[3, 1]
15	8	3864	53	50	[3, 1]
9	28	3822	15	14	[3, 1]
48	43	467	35	4	[3, 1]
65	29	1878	24	11	[63, 1]
26	48	90	46	1	[3, 1]
36	8	133	31	1	[9, 7]
31	8	302	27	2	[3, 1]
9	33	481	17	2	[3, 1]
50	18	2345	7	4	[9, 7]
75	43	808	61	12	[63, 1]
26	33	1527	59	22	[3, 1]
2	3	1375	3	1	[3, 1]
59	8	3686	10	9	[3, 1]
36	28	3430	43	36	[9, 7]
30	8	2991	63	46	[3, 1]
23	8	598	48	7	[63, 1]
54	8	389	21	2	[3, 1]
7	28	1698	41	17	[3, 1]
59	13	2829	42	29	[9, 7]
23	33	1395	47	16	[3, 1]
11	33	3242	24	19	[63, 1]
11	8	3377	57	47	[3, 1]
44	43	3696	41	37	[3, 1]
63	38	2514	44	27	[3, 1]
49	38	1002	45	11	[3, 1]
33	38	435	47	5	[3, 1]
33	43	3635	62	55	[3, 1]
59	43	4080	1	1	[63, 1]
30	18	3489	27	23	[3, 1]
7	13	2112	33	17	[3, 1]
7	23	2861	63	44	[3, 1]
36	18	3359	50	41	[3, 1]
63	13	3004	15	11	[3, 1]
59	48	2631	14	9	[3, 1]
11	23	1580	57	22	[3, 1]
15	43	3780	13	12	[63, 1]
30	3	3570	39	34	[3, 1]
52	18	614	20	3	[3, 1]
31	18	697	47	8	[3, 1]
11	48	1537	8	3	[3, 1]
33	3	2032	2	1	[3, 1]
63	23	920	49	11	[63, 1]
52	23	2481	33	20	[3, 1]
56	33	3751	59	54	[3, 1]
49	33	904	59	13	[3, 1]
49	23	3063	63	47	[3, 1]
7	8	1655	47	19	[3, 1]
62	33	3519	57	49	[3, 1]
75	48	528	31	4	[9, 7]
59	38	1119	11	3	[3, 1]
56	48	1240	33	10	[3, 1]
31	23	3862	35	33	[3, 1]
7	38	2496	41	25	[3, 1]
5	43	964	17	4	[3, 1]
30	23	2910	38	27	[3, 1]
44	28	936	35	8	[3, 1]
29	18	1966	25	12	[63, 1]
59	3	2019	63	31	[3, 1]
17	3	470	61	7	[63, 1]
42	23	3668	48	43	[63, 1]
29	3	908	9	2	[3, 1]
48	28	2314	23	13	[3, 1]
28	48	3692	61	55	[63, 1]
28	8	2798	41	28	[3, 1]
56	23	3296	41	33	[3, 1]
37	8	4068	1	1	[63, 1]
30	43	1906	58	27	[3, 1]
75	3	2149	61	32	[63, 1]
59	28	633	58	9	[3, 1]
29	8	1210	44	13	[3, 1]
41	38	2957	18	13	[9, 7]
62	28	2637	59	38	[3, 1]
29	28	3349	11	9	[3, 1]
49	13	168	49	2	[63, 1]
28	28	1584	44	17	[3, 1]
36	43	1326	34	11	[3, 1]
30	48	3094	45	34	[3, 1]
28	33	447	55	6	[9, 7]
30	13	3237	62	49	[3, 1]
75	38	3491	61	52	[63, 1]
5	28	3409	6	5	[9, 7]
54	48	3212	51	40	[3, 1]
52	48	3410	6	5	[9, 7]
52	3	1586	31	12	[9, 7]
5	38	3496	41	35	[3, 1]
62	13	774	37	7	[63, 1]
31	43	2329	51	29	[3, 1]
66	8	555	59	8	[3, 1]
31	28	2528	47	29	[3, 1]
5	8	324	38	3	[3, 1]
28	13	1684	56	23	[3, 1]
26	43	1258	13	4	[63, 1]
5	48	1494	63	23	[3, 1]
60	23	1821	9	4	[3, 1]
75	18	1680	39	16	[3, 1]
26	28	2501	59	36	[3, 1]
31	3	3465	13	11	[63, 1]
72	43	254	16	1	[3, 1]
42	3	7	1	0	[63, 1]
5	23	2396	53	31	[3, 1]
50	13	3221	61	48	[63, 1]
28	18	2103	37	19	[63, 1]
7	18	1372	3	1	[3, 1]
5	3	3413	6	5	[9, 7]
50	3	374	11	1	[3, 1]
32	33	363	45	4	[3, 1]
41	18	1447	17	6	[3, 1]
50	8	1202	58	17	[3, 1]
15	33	597	48	7	[63, 1]
16	28	3823	15	14	[3, 1]
62	48	1572	60	23	[63, 1]
37	38	1016	4	1	[3, 1]
54	3	1984	33	16	[3, 1]
54	43	1503	30	11	[9, 7]
54	18	64	63	1	[3, 1]
16	8	413	10	1	[3, 1]
7	33	2385	55	32	[9, 7]
37	23	3104	33	25	[3, 1]
16	18	397	31	3	[9, 7]
0	48	3413	6	5	[9, 7]
32	38	3493	34	29	[3, 1]
56	18	4081	1	1	[63, 1]
3	14	3509	7	6	[9, 7]
0	28	1365	3	1	[3, 1]
62	18	3748	47	43	[3, 1]
0	23	3413	6	5	[9, 7]
50	43	3244	24	19	[63, 1]
56	8	3390	29	24	[3, 1]
16	38	504	57	7	[3, 1]
26	3	3619	43	38	[9, 7]
42	18	1503	30	11	[9, 7]
49	18	1502	30	11	[9, 7]
16	13	297	55	4	[9, 7]
49	48	2201	54	29	[9, 7]
17	18	110	37	1	[63, 1]
71	13	3466	13	11	[63, 1]
16	43	2834	13	9	[63, 1]
32	43	3235	19	15	[9, 7]
60	43	1435	20	7	[3, 1]
41	23	3020	61	45	[63, 1]
41	33	3322	37	30	[63, 1]
42	33	1216	37	11	[63, 1]
73	4	2819	61	42	[63, 1]
0	33	683	6	1	[9, 7]
26	13	1110	48	13	[63, 1]
36	33	2715	62	41	[3, 1]
60	18	526	39	5	[3, 1]
0	18	2734	3	2	[3, 1]
42	28	1622	48	19	[63, 1]
66	28	1273	45	14	[3, 1]
36	3	3661	47	42	[3, 1]
42	43	391	21	2	[3, 1]
47	9	3383	23	19	[3, 1]
17	33	0	0	0	[0, 0]
36	23	3001	56	41	[3, 1]
41	28	3013	53	39	[3, 1]
32	23	3740	23	21	[3, 1]
32	18	3076	4	3	[3, 1]
64	28	3982	36	35	[63, 1]
42	13	3298	41	33	[3, 1]
17	38	4048	63	62	[3, 1]
66	3	2362	26	15	[3, 1]
64	38	429	19	2	[9, 7]
17	43	2075	63	32	[3, 1]
17	8	3146	56	43	[3, 1]
15	48	3709	53	48	[3, 1]
60	33	1771	37	16	[63, 1]
56	38	1423	23	8	[3, 1]
37	43	3121	21	16	[3, 1]
53	33	1371	3	1	[3, 1]
8	29	2563	8	5	[3, 1]
56	3	2683	29	19	[3, 1]
48	18	2480	38	23	[3, 1]
72	38	2451	5	3	[3, 1]
68	3	255	16	1	[3, 1]
66	13	1164	60	17	[63, 1]
15	38	2495	23	14	[3, 1]
1	39	3165	22	17	[3, 1]
66	23	3505	62	53	[3, 1]
72	33	1825	56	25	[3, 1]
71	48	3426	55	46	[9, 7]
66	43	1558	50	19	[3, 1]
66	48	247	50	3	[3, 1]
6	49	2325	37	21	[63, 1]
41	48	2771	34	23	[3, 1]
72	28	2453	5	3	[3, 1]
53	38	4029	61	60	[63, 1]
48	13	3402	59	49	[3, 1]
53	43	874	61	13	[63, 1]
53	8	3299	36	29	[63, 1]
15	18	543	53	7	[3, 1]
21	44	4050	63	62	[3, 1]
58	24	2606	11	7	[3, 1]
72	48	3881	19	18	[9, 7]
48	38	3793	27	25	[3, 1]
53	13	191	43	2	[9, 7]
60	48	1032	4	1	[3, 1]
53	48	3199	32	25	[3, 1]
72	13	1693	46	19	[3, 1]
38	34	910	9	2	[3, 1]
41	8	106	39	1	[3, 1]
60	28	3456	32	27	[3, 1]
53	18	1725	19	8	[9, 7]
60	3	1319	59	19	[3, 1]
41	43	2002	45	22	[3, 1]
15	28	3775	51	47	[3, 1]
15	13	1943	59	28	[3, 1]
74	44	2750	61	41	[63, 1]
41	13	3558	61	53	[63, 1]
71	8	499	41	5	[3, 1]
71	28	363	45	4	[3, 1]
60	38	3302	31	25	[9, 7]
18	9	525	39	5	[3, 1]
71	33	1345	61	20	[63, 1]
71	43	1088	49	13	[63, 1]
48	8	301	41	3	[3, 1]
24	23	955	30	7	[9, 7]
77	9	1516	27	10	[3, 1]
64	33	1987	33	16	[3, 1]
68	38	1645	5	2	[3, 1]
64	18	4030	62	61	[3, 1]
68	43	546	15	2	[3, 1]
71	38	126	33	1	[3, 1]
71	23	2513	44	27	[3, 1]
71	18	1192	55	16	[9, 7]
48	3	42	63	1	[3, 1]
64	13	923	40	9	[3, 1]
64	23	450	55	6	[9, 7]
48	33	3965	63	61	[3, 1]
14	39	2068	63	32	[3, 1]
48	48	3724	11	10	[3, 1]
39	34	2761	46	31	[3, 1]
34	34	2143	44	23	[3, 1]
64	3	3065	4	3	[3, 1]
68	33	1856	53	24	[3, 1]
68	48	1812	52	23	[3, 1]
68	8	955	30	7	[9, 7]
68	13	1062	27	7	[3, 1]
24	18	2792	22	15	[3, 1]
68	28	1354	61	20	[63, 1]
24	3	2241	53	29	[3, 1]
60	14	656	25	4	[63, 1]
75	24	260	63	4	[3, 1]
24	43	108	38	1	[3, 1]
24	48	214	19	1	[9, 7]
24	13	166	49	2	[63, 1]
61	34	2348	61	35	[63, 1]
50	39	3229	52	41	[3, 1]
29	24	2324	37	21	[63, 1]
24	8	1229	10	3	[3, 1]
24	28	1270	29	9	[3, 1]
11	19	1635	5	2	[3, 1]
63	29	3551	15	13	[3, 1]
69	14	510	8	1	[3, 1]
35	14	2931	60	43	[63, 1]
5	34	1979	60	29	[63, 1]
33	19	1420	49	17	[63, 1]
59	24	3604	25	22	[63, 1]
67	19	2329	51	29	[3, 1]
27	34	2669	43	28	[9, 7]
30	29	2374	50	29	[3, 1]
45	34	3565	54	47	[9, 7]
19	29	3422	61	51	[63, 1]
73	29	274	15	1	[3, 1]
52	9	1802	25	11	[63, 1]
44	24	3699	31	28	[9, 7]
51	34	2027	63	31	[3, 1]
9	9	1938	55	26	[9, 7]
22	19	3592	57	50	[3, 1]
62	24	2415	39	23	[3, 1]
13	39	3649	55	49	[9, 7]
10	29	954	43	10	[9, 7]
65	49	805	56	11	[3, 1]
40	19	2568	59	37	[3, 1]
36	49	3407	59	49	[3, 1]
46	14	1048	43	11	[9, 7]
26	19	1532	8	3	[3, 1]
42	9	80	51	1	[3, 1]
77	49	3850	50	47	[3, 1]
4	29	2475	48	29	[63, 1]
7	44	3663	19	17	[9, 7]
2	14	3544	52	45	[3, 1]
16	4	2016	63	31	[3, 1]
51	24	2996	41	30	[3, 1]
13	49	2208	13	7	[63, 1]
25	14	1514	46	17	[3, 1]
57	19	1385	62	21	[3, 1]
4	4	258	16	1	[3, 1]
17	29	2398	41	24	[3, 1]
25	29	2167	17	9	[3, 1]
37	29	556	59	8	[3, 1]
76	39	2632	14	9	[3, 1]
34	29	4087	1	1	[63, 1]
55	4	3511	7	6	[9, 7]
58	39	1584	44	17	[3, 1]
15	24	3514	7	6	[9, 7]
21	49	2341	7	4	[9, 7]
43	39	2048	2	1	[3, 1]
3	19	3137	47	36	[3, 1]
12	34	2443	57	34	[3, 1]
71	4	544	15	2	[3, 1]
32	9	3842	16	15	[3, 1]
23	19	2645	48	31	[63, 1]
0	14	1365	3	1	[3, 1]
28	24	1261	13	4	[63, 1]
20	34	472	26	3	[3, 1]
55	14	524	47	6	[3, 1]
12	19	1707	12	5	[63, 1]
56	29	1003	49	12	[63, 1]
54	14	2802	19	13	[9, 7]
41	4	1161	60	17	[63, 1]
51	19	719	57	10	[3, 1]
65	44	1615	33	13	[3, 1]
67	29	1366	3	1	[3, 1]
6	9	3377	57	47	[3, 1]
70	9	2543	29	18	[3, 1]
49	29	2712	62	41	[3, 1]
18	19	2261	29	16	[3, 1]
46	44	3484	47	40	[3, 1]
8	39	3454	51	43	[3, 1]
66	34	3001	56	41	[3, 1]
39	29	273	15	1	[3, 1]
1	19	1359	3	1	[3, 1]
61	29	1889	13	6	[63, 1]
35	39	3731	56	51	[3, 1]
14	14	3977	34	33	[3, 1]
38	14	3571	39	34	[3, 1]
53	24	2044	2	1	[3, 1]
76	29	1104	26	7	[3, 1]
31	49	1171	7	2	[9, 7]
70	14	255	16	1	[3, 1]
20	14	2156	19	10	[9, 7]
27	24	422	29	3	[3, 1]
45	24	3256	39	31	[3, 1]
72	4	652	44	7	[3, 1]
22	29	2541	29	18	[3, 1]
43	44	2586	19	12	[9, 7]
4	49	2635	14	9	[3, 1]
69	19	683	6	1	[9, 7]
57	34	2341	7	4	[9, 7]
55	24	3416	6	5	[9, 7]
64	44	2299	57	32	[3, 1]
48	24	2108	35	18	[3, 1]
74	4	2019	63	31	[3, 1]
47	29	3165	22	17	[3, 1]
10	39	3536	22	19	[3, 1]
34	9	1645	5	2	[3, 1]
74	14	2046	2	1	[3, 1]
40	44	2654	54	35	[9, 7]
47	44	2982	11	8	[3, 1]
54	39	1730	45	19	[3, 1]
19	49	728	45	8	[3, 1]
75	34	3822	15	14	[3, 1]
49	4	65	63	1	[3, 1]
28	44	3479	53	45	[3, 1]
2	44	4	1	0	[63, 1]
59	19	111	37	1	[63, 1]
63	4	3292	56	45	[3, 1]
1	24	2219	24	13	[63, 1]
6	14	1501	30	11	[9, 7]
39	39	588	7	1	[9, 7]
33	29	1085	34	9	[3, 1]
31	39	2520	13	8	[63, 1]
23	49	2063	2	1	[3, 1]
9	24	1366	3	1	[3, 1]
68	24	2240	53	29	[3, 1]
61	14	1536	8	3	[3, 1]
13	9	3094	45	34	[3, 1]
50	29	4084	1	1	[63, 1]
30	39	784	47	9	[3, 1]
11	14	1486	58	21	[3, 1]
29	44	1670	27	11	[3, 1]
16	34	1562	21	8	[3, 1]
72	19	2977	11	8	[3, 1]
0	4	3413	6	5	[9, 7]
60	9	28	1	0	[63, 1]
58	49	3377	57	47	[3, 1]
24	34	1609	28	11	[3, 1]
19	19	2784	25	17	[63, 1]
65	39	1965	25	12	[63, 1]
62	44	521	55	7	[9, 7]
70	34	1336	46	15	[3, 1]
38	39	2426	27	16	[3, 1]
24	39	3700	31	28	[9, 7]
40	9	1374	3	1	[3, 1]
32	4	3854	17	16	[3, 1]
44	49	1952	21	10	[3, 1]
67	4	1052	35	9	[3, 1]
66	19	589	7	1	[9, 7]
8	9	3472	46	39	[3, 1]
25	9	3844	49	46	[63, 1]
51	29	3718	54	49	[9, 7]
57	14	3790	40	37	[3, 1]
26	9	172	24	1	[63, 1]
53	4	491	25	3	[63, 1]
5	19	682	6	1	[9, 7]
42	39	606	27	4	[3, 1]
63	44	2957	18	13	[9, 7]
31	34	1465	14	5	[3, 1]
3	24	542	53	7	[3, 1]
64	49	2908	31	22	[9, 7]
77	24	3502	62	53	[3, 1]
77	39	423	29	3	[3, 1]
10	9	2338	7	4	[9, 7]
36	39	3915	45	43	[3, 1]
77	34	411	10	1	[3, 1]
77	44	1588	49	19	[63, 1]
52	34	2052	2	1	[3, 1]
51	49	1250	59	18	[3, 1]
77	19	293	14	1	[3, 1]
77	14	3057	63	47	[3, 1]
12	14	3721	11	10	[3, 1]
51	14	3615	17	15	[3, 1]
23	29	4	1	0	[63, 1]
17	14	140	59	2	[3, 1]
51	39	2677	26	17	[3, 1]
40	34	3297	41	33	[3, 1]
40	29	500	41	5	[3, 1]
40	49	1792	16	7	[3, 1]
51	44	3311	47	38	[3, 1]
51	9	1222	57	17	[3, 1]
40	14	1425	23	8	[3, 1]
40	4	3925	24	23	[63, 1]
45	49	3903	21	20	[3, 1]
30	34	2398	41	24	[3, 1]
55	44	535	23	3	[3, 1]
4	14	1492	11	4	[3, 1]
13	14	719	57	10	[3, 1]
27	39	776	58	11	[3, 1]
7	49	2124	27	14	[3, 1]
73	34	3244	24	19	[63, 1]
4	39	3412	6	5	[9, 7]
55	49	3804	14	13	[3, 1]
55	34	1267	42	13	[9, 7]
4	34	1366	3	1	[3, 1]
16	49	81	51	1	[3, 1]
55	9	3963	31	30	[9, 7]
4	24	2080	63	32	[3, 1]
4	44	325	63	5	[3, 1]
55	19	2585	19	12	[9, 7]
4	19	2732	3	2	[3, 1]
43	14	2285	52	29	[3, 1]
55	39	1073	42	11	[9, 7]
75	9	1263	13	4	[63, 1]
68	19	3765	62	57	[3, 1]
25	24	606	27	4	[3, 1]
13	44	2057	2	1	[3, 1]
13	34	1508	19	7	[9, 7]
13	24	3954	29	28	[3, 1]
13	29	2179	47	25	[3, 1]
13	19	2132	48	25	[63, 1]
25	19	3558	61	53	[63, 1]
18	29	4019	53	52	[3, 1]
25	34	3374	17	14	[3, 1]
47	14	270	61	4	[63, 1]
58	4	4065	1	1	[63, 1]
25	49	917	58	13	[3, 1]
65	4	454	9	1	[3, 1]
1	9	2080	63	32	[3, 1]
57	29	1444	17	6	[3, 1]
25	44	204	20	1	[3, 1]
25	4	26	1	0	[63, 1]
65	9	1149	57	16	[3, 1]
2	49	3350	11	9	[3, 1]
28	4	2640	45	29	[3, 1]
3	29	699	41	7	[3, 1]
76	49	2137	23	12	[3, 1]
3	4	2312	62	35	[3, 1]
65	19	321	51	4	[3, 1]
3	44	2084	57	29	[3, 1]
34	14	3433	37	31	[63, 1]
3	39	1365	3	1	[3, 1]
8	24	1600	41	16	[3, 1]
3	9	1237	53	16	[3, 1]
3	34	1621	48	19	[63, 1]
65	34	1127	40	11	[3, 1]
65	24	205	20	1	[3, 1]
65	14	1961	48	23	[63, 1]
39	9	1209	61	18	[63, 1]
22	9	1629	63	25	[3, 1]
52	14	3113	25	19	[63, 1]
12	24	3355	61	50	[63, 1]
74	39	2857	43	30	[9, 7]
12	49	2236	11	6	[3, 1]
56	44	1447	17	6	[3, 1]
12	4	805	56	11	[3, 1]
12	44	301	41	3	[3, 1]
69	24	2230	57	31	[3, 1]
12	29	1070	23	6	[3, 1]
12	39	1135	47	13	[3, 1]
66	39	2049	2	1	[3, 1]
0	39	2048	2	1	[3, 1]
6	24	1233	63	19	[3, 1]
39	19	993	33	8	[3, 1]
50	24	335	49	4	[63, 1]
7	4	2735	3	2	[3, 1]
14	24	1471	39	14	[3, 1]
47	19	2882	27	19	[3, 1]
34	24	289	57	4	[3, 1]
1	44	2730	3	2	[3, 1]
35	19	2821	45	31	[3, 1]
46	34	18	1	0	[63, 1]
1	4	2902	24	17	[63, 1]
38	4	2689	32	21	[3, 1]
6	4	2032	2	1	[3, 1]
6	39	3499	48	41	[63, 1]
34	39	2751	61	41	[63, 1]
8	19	1708	12	5	[63, 1]
21	9	2090	49	25	[63, 1]
34	19	3738	57	52	[3, 1]
59	34	1305	22	7	[3, 1]
54	34	1909	58	27	[3, 1]
34	44	3960	30	29	[9, 7]
61	44	665	37	6	[63, 1]
34	49	3347	60	49	[63, 1]
34	4	1484	58	21	[3, 1]
2	19	3350	11	9	[3, 1]
39	24	1293	19	6	[9, 7]
74	29	1579	57	22	[3, 1]
9	4	2261	29	16	[3, 1]
11	29	690	59	10	[3, 1]
6	29	4004	45	44	[3, 1]
58	44	1478	61	22	[63, 1]
1	34	554	37	5	[63, 1]
73	14	3750	59	54	[3, 1]
39	14	231	53	3	[3, 1]
6	34	2730	3	2	[3, 1]
6	44	2422	22	13	[3, 1]
6	19	113	36	1	[63, 1]
23	39	258	16	1	[3, 1]
74	24	3130	55	42	[9, 7]
47	4	1193	55	16	[9, 7]
47	49	2753	61	41	[63, 1]
1	29	2474	48	29	[63, 1]
47	24	1298	41	13	[3, 1]
1	49	2048	2	1	[3, 1]
1	14	2763	43	29	[9, 7]
47	39	1598	41	16	[3, 1]
74	9	706	29	5	[3, 1]
47	34	951	56	13	[3, 1]
58	19	1054	35	9	[3, 1]
39	49	1391	53	18	[3, 1]
39	44	3381	63	52	[3, 1]
39	4	3320	58	47	[3, 1]
74	49	1952	21	10	[3, 1]
74	19	910	9	2	[3, 1]
58	14	620	33	5	[3, 1]
74	34	974	21	5	[3, 1]
8	4	2063	2	1	[3, 1]
58	9	3217	14	11	[3, 1]
69	9	1328	37	12	[63, 1]
58	34	1738	33	14	[3, 1]
61	19	3085	61	46	[63, 1]
58	29	3265	59	47	[3, 1]
8	44	144	57	2	[3, 1]
73	49	4053	63	62	[3, 1]
63	19	1483	58	21	[3, 1]
18	34	665	37	6	[63, 1]
73	19	2589	19	12	[9, 7]
29	34	1971	27	13	[3, 1]
27	44	1458	59	21	[3, 1]
73	24	3092	53	40	[3, 1]
8	34	3242	24	19	[63, 1]
61	39	1021	4	1	[3, 1]
61	9	3158	48	37	[63, 1]
67	14	1893	13	6	[63, 1]
8	49	178	23	1	[3, 1]
38	29	4094	1	1	[63, 1]
70	29	2883	27	19	[3, 1]
48	44	1099	41	11	[3, 1]
8	14	529	31	4	[9, 7]
67	34	2697	41	27	[3, 1]
17	24	808	61	12	[63, 1]
38	19	1734	26	11	[3, 1]
38	9	688	6	1	[9, 7]
61	24	1635	5	2	[3, 1]
38	24	2360	59	34	[3, 1]
36	14	2983	59	43	[3, 1]
38	44	2206	13	7	[63, 1]
38	49	2600	52	33	[3, 1]
61	49	225	55	3	[9, 7]
9	39	640	32	5	[3, 1]
61	4	1414	55	19	[9, 7]
33	14	30	1	0	[63, 1]
35	29	2744	61	41	[63, 1]
70	4	2681	55	36	[9, 7]
27	19	72	57	1	[3, 1]
14	34	2610	58	37	[3, 1]
67	9	4089	1	1	[63, 1]
18	39	2655	54	35	[9, 7]
18	24	3517	57	49	[3, 1]
67	49	729	45	8	[3, 1]
16	24	1156	39	11	[3, 1]
57	24	2645	48	31	[63, 1]
57	4	915	58	13	[3, 1]
70	39	1991	35	17	[3, 1]
73	44	900	41	9	[3, 1]
21	39	3092	53	40	[3, 1]
67	24	3988	38	37	[3, 1]
67	44	3046	39	29	[3, 1]
57	49	3639	9	8	[3, 1]
57	9	3582	8	7	[3, 1]
70	24	1433	20	7	[3, 1]
19	34	881	51	11	[3, 1]
57	39	3169	53	41	[3, 1]
73	9	1462	14	5	[3, 1]
18	4	2794	22	15	[3, 1]
60	24	3726	11	10	[3, 1]
53	29	3676	39	35	[3, 1]
14	29	590	62	9	[3, 1]
67	39	2281	61	34	[63, 1]
57	44	1171	7	2	[9, 7]
19	39	945	13	3	[63, 1]
73	39	3424	61	51	[63, 1]
63	49	3377	57	47	[3, 1]
70	44	1531	59	22	[3, 1]
70	49	1084	34	9	[3, 1]
70	19	742	11	2	[3, 1]
19	9	2606	11	7	[3, 1]
20	9	2780	28	19	[3, 1]
27	29	1064	50	13	[3, 1]
18	49	2789	47	32	[3, 1]
27	14	3858	52	49	[3, 1]
19	4	2891	17	12	[3, 1]
63	9	1894	54	25	[9, 7]
45	44	1488	11	4	[3, 1]
19	44	2181	62	33	[3, 1]
18	44	41	63	1	[3, 1]
62	4	3294	46	37	[3, 1]
18	14	1581	57	22	[3, 1]
21	24	3851	50	47	[3, 1]
19	24	211	58	3	[3, 1]
37	4	1316	28	9	[3, 1]
63	34	3047	43	32	[9, 7]
22	4	2459	5	3	[3, 1]
19	14	2034	2	1	[3, 1]
43	9	52	63	1	[3, 1]
26	39	1220	47	14	[3, 1]
14	9	2256	49	27	[63, 1]
27	9	3443	44	37	[3, 1]
20	24	211	58	3	[3, 1]
35	24	2540	50	31	[3, 1]
23	24	2599	52	33	[3, 1]
59	14	1151	32	9	[3, 1]
14	19	1610	28	11	[3, 1]
35	9	1569	47	18	[3, 1]
49	24	33	63	1	[3, 1]
46	19	3743	58	53	[3, 1]
14	49	2041	2	1	[3, 1]
21	29	1864	11	5	[3, 1]
28	49	2714	62	41	[3, 1]
14	4	3293	51	41	[3, 1]
27	4	3255	39	31	[3, 1]
14	44	1437	57	20	[3, 1]
50	49	1689	63	26	[3, 1]
42	49	1092	15	4	[3, 1]
10	4	1184	45	13	[3, 1]
35	4	491	25	3	[63, 1]
69	49	943	13	3	[63, 1]
10	14	3304	31	25	[9, 7]
43	34	3930	49	47	[63, 1]
9	14	2206	13	7	[63, 1]
27	49	47	63	1	[3, 1]
43	19	1564	55	21	[9, 7]
21	4	1853	42	19	[9, 7]
69	29	2499	59	36	[3, 1]
23	4	3293	51	41	[3, 1]
31	14	1790	16	7	[3, 1]
35	44	424	29	3	[3, 1]
21	14	2837	13	9	[63, 1]
22	49	3665	19	17	[9, 7]
10	19	274	15	1	[3, 1]
15	4	2502	18	11	[9, 7]
44	19	667	43	7	[9, 7]
45	14	292	14	1	[3, 1]
35	34	2091	47	24	[3, 1]
76	14	2055	2	1	[3, 1]
33	24	2308	55	31	[9, 7]
29	49	1054	35	9	[3, 1]
72	24	986	54	13	[9, 7]
46	29	3063	63	47	[3, 1]
45	29	3937	26	25	[3, 1]
46	39	4063	63	62	[3, 1]
76	24	1268	42	13	[9, 7]
23	14	232	53	3	[3, 1]
11	4	3413	6	5	[9, 7]
35	49	3743	58	53	[3, 1]
45	19	2255	49	27	[63, 1]
21	34	657	56	9	[3, 1]
45	39	1765	58	25	[3, 1]
46	49	1105	63	17	[3, 1]
43	29	1442	54	19	[9, 7]
21	19	3345	60	49	[63, 1]
45	4	1472	39	14	[3, 1]
43	4	62	63	1	[3, 1]
44	14	860	62	13	[3, 1]
23	44	2326	37	21	[63, 1]
10	49	1504	49	18	[63, 1]
63	14	390	21	2	[3, 1]
49	44	3221	61	48	[63, 1]
23	9	172	24	1	[63, 1]
63	24	4032	63	62	[3, 1]
10	34	2721	3	2	[3, 1]
46	24	1269	42	13	[9, 7]
23	34	2406	63	37	[3, 1]
10	44	2266	47	26	[3, 1]
10	24	3263	59	47	[3, 1]
2	34	3421	61	51	[63, 1]
46	9	1878	24	11	[63, 1]
46	4	3768	25	23	[63, 1]
54	29	611	47	7	[3, 1]
45	9	3069	4	3	[3, 1]
63	39	1718	31	13	[9, 7]
69	44	3602	58	51	[3, 1]
69	4	2727	3	2	[3, 1]
33	34	2726	3	2	[3, 1]
43	49	3166	22	17	[3, 1]
69	34	1690	63	26	[3, 1]
2	39	3381	63	52	[3, 1]
56	14	2204	13	7	[63, 1]
69	39	3353	11	9	[3, 1]
20	19	2857	43	30	[9, 7]
76	34	991	62	15	[3, 1]
2	24	2703	50	33	[3, 1]
76	4	32	1	0	[63, 1]
59	39	3392	35	29	[3, 1]
43	24	2533	55	34	[9, 7]
31	9	2722	3	2	[3, 1]
2	29	2048	2	1	[3, 1]
20	44	252	49	3	[63, 1]
20	39	1163	60	17	[63, 1]
22	24	3509	7	6	[9, 7]
30	19	480	17	2	[3, 1]
20	29	3873	55	52	[9, 7]
22	44	1525	43	16	[9, 7]
22	34	1181	52	15	[3, 1]
2	4	2357	33	19	[3, 1]
2	9	1367	3	1	[3, 1]
75	19	3348	60	49	[63, 1]
22	14	961	47	11	[3, 1]
32	29	3075	4	3	[3, 1]
0	9	0	0	0	[0, 0]
76	9	3391	29	24	[3, 1]
76	44	970	38	9	[3, 1]
22	39	3333	59	48	[3, 1]
11	44	1056	31	8	[9, 7]
76	19	1270	29	9	[3, 1]
75	29	2080	63	32	[3, 1]
32	14	1944	59	28	[3, 1]
9	49	1989	35	17	[3, 1]
31	44	3474	46	39	[3, 1]
31	19	403	61	6	[63, 1]
71	14	3572	47	41	[3, 1]
31	24	208	59	3	[3, 1]
66	9	2700	44	29	[3, 1]
20	4	1421	49	17	[63, 1]
54	24	3677	49	44	[63, 1]
5	14	2072	63	32	[3, 1]
28	19	2956	61	44	[63, 1]
31	4	1826	56	25	[3, 1]
20	49	2042	2	1	[3, 1]
31	29	1468	53	19	[3, 1]
11	39	2593	30	19	[9, 7]
72	9	2403	46	27	[3, 1]
30	24	3957	59	57	[3, 1]
59	49	2674	49	32	[63, 1]
16	39	585	7	1	[9, 7]
11	9	1628	63	25	[3, 1]
9	44	1280	16	5	[3, 1]
29	14	3542	37	32	[63, 1]
75	39	2300	57	32	[3, 1]
9	19	2592	49	31	[63, 1]
9	29	649	63	10	[3, 1]
30	44	2920	59	42	[3, 1]
64	9	2190	58	31	[3, 1]
9	34	2331	58	33	[3, 1]
75	49	3949	28	27	[3, 1]
41	39	1125	51	14	[3, 1]
50	19	1045	47	12	[3, 1]
50	4	2947	57	41	[3, 1]
29	4	629	13	2	[63, 1]
30	9	1190	31	9	[9, 7]
50	34	566	29	4	[3, 1]
30	14	2845	36	25	[63, 1]
29	39	3281	5	4	[3, 1]
11	34	810	61	12	[63, 1]
30	49	497	33	4	[3, 1]
52	44	3528	36	31	[63, 1]
30	4	1516	27	10	[3, 1]
75	44	2984	59	43	[3, 1]
75	14	1078	19	5	[9, 7]
49	34	2512	44	27	[3, 1]
54	49	3719	54	49	[9, 7]
11	49	294	14	1	[3, 1]
33	9	791	57	11	[3, 1]
50	9	2839	62	43	[3, 1]
28	9	3346	60	49	[63, 1]
33	44	128	32	1	[3, 1]
0	44	2048	2	1	[3, 1]
32	49	1685	17	7	[3, 1]
33	39	425	29	3	[3, 1]
17	49	2545	37	23	[63, 1]
0	49	1365	3	1	[3, 1]
26	34	1997	41	20	[3, 1]
49	14	3466	13	11	[63, 1]
33	49	2362	26	15	[3, 1]
11	24	969	55	13	[9, 7]
59	29	2677	26	17	[3, 1]
59	9	1978	29	14	[3, 1]
33	4	2998	56	41	[3, 1]
50	14	2206	13	7	[63, 1]
49	9	1763	58	25	[3, 1]
75	4	2178	47	25	[3, 1]
59	44	2470	63	38	[3, 1]
28	29	711	23	4	[3, 1]
16	44	4037	63	62	[3, 1]
44	34	3543	37	32	[63, 1]
59	4	825	5	1	[3, 1]
44	4	1152	32	9	[3, 1]
28	14	19	1	0	[63, 1]
16	29	2522	13	8	[63, 1]
60	34	2753	61	41	[63, 1]
29	19	3723	11	10	[3, 1]
0	34	682	6	1	[9, 7]
29	9	3968	32	31	[3, 1]
50	44	891	23	5	[3, 1]
29	29	443	37	4	[63, 1]
28	39	2933	60	43	[63, 1]
49	19	4087	1	1	[63, 1]
28	34	2970	40	29	[3, 1]
16	14	1646	62	25	[3, 1]
16	19	116	35	1	[3, 1]
44	9	1582	44	17	[3, 1]
54	4	2257	49	27	[63, 1]
15	9	9	1	0	[63, 1]
37	19	529	31	4	[9, 7]
0	29	3413	6	5	[9, 7]
16	9	3059	63	47	[3, 1]
56	49	2092	47	24	[3, 1]
0	24	0	0	0	[0, 0]
0	19	1365	3	1	[3, 1]
52	39	608	27	4	[3, 1]
44	39	2083	59	30	[3, 1]
52	24	3078	4	3	[3, 1]
52	19	1211	44	13	[3, 1]
54	9	1462	14	5	[3, 1]
5	44	2070	63	32	[3, 1]
60	29	3796	41	38	[3, 1]
44	44	2084	57	29	[3, 1]
5	39	2423	49	29	[63, 1]
54	44	1428	43	15	[9, 7]
44	29	1677	22	9	[3, 1]
54	19	3956	59	57	[3, 1]
72	34	1221	57	17	[3, 1]
52	29	2960	18	13	[9, 7]
62	9	328	25	2	[63, 1]
7	29	2340	7	4	[9, 7]
49	39	3243	24	19	[63, 1]
49	49	92	45	1	[3, 1]
66	14	3630	44	39	[3, 1]
66	29	3463	58	49	[3, 1]
26	24	968	55	13	[9, 7]
66	24	1498	41	15	[3, 1]
52	4	3864	53	50	[3, 1]
62	49	2467	63	38	[3, 1]
52	49	3876	56	53	[3, 1]
7	14	1460	59	21	[3, 1]
60	44	2365	45	26	[3, 1]
62	34	574	50	7	[3, 1]
7	24	2560	8	5	[3, 1]
32	39	1036	63	16	[3, 1]
26	44	1410	61	21	[63, 1]
37	49	1678	61	25	[63, 1]
48	19	3881	19	18	[9, 7]
72	44	3923	47	45	[3, 1]
72	39	2861	63	44	[3, 1]
62	39	424	29	3	[3, 1]
60	49	1666	59	24	[3, 1]
62	29	37	63	1	[3, 1]
62	19	296	55	4	[9, 7]
62	14	3733	45	41	[3, 1]
64	29	3916	23	22	[3, 1]
7	9	3152	13	10	[63, 1]
42	4	3202	55	43	[9, 7]
17	4	274	15	1	[3, 1]
60	4	863	19	4	[9, 7]
17	19	3170	31	24	[9, 7]
36	19	3181	58	45	[3, 1]
56	34	3613	17	15	[3, 1]
37	14	2311	39	22	[3, 1]
5	9	3669	48	43	[63, 1]
60	19	681	6	1	[9, 7]
26	49	3111	54	41	[9, 7]
32	34	3022	61	45	[63, 1]
32	44	3098	41	31	[3, 1]
7	34	3429	43	36	[9, 7]
7	39	2048	2	1	[3, 1]
72	29	2920	59	42	[3, 1]
42	34	407	10	1	[3, 1]
32	19	3804	14	13	[3, 1]
32	24	1316	28	9	[3, 1]
5	24	2562	8	5	[3, 1]
26	29	2652	17	11	[3, 1]
66	49	2650	17	11	[3, 1]
36	9	1445	17	6	[3, 1]
60	39	3998	42	41	[9, 7]
36	44	2447	62	37	[3, 1]
41	29	1395	47	16	[3, 1]
7	19	2176	32	17	[3, 1]
5	4	3099	37	28	[63, 1]
66	4	368	56	5	[3, 1]
5	29	3371	62	51	[3, 1]
26	4	3696	41	37	[3, 1]
66	44	1884	50	23	[3, 1]
5	49	1288	35	11	[3, 1]
42	44	1067	23	6	[3, 1]
37	34	2335	58	33	[3, 1]
26	14	748	60	11	[63, 1]
36	34	3920	47	45	[3, 1]
72	14	1036	63	16	[3, 1]
42	14	943	13	3	[63, 1]
72	49	2415	39	23	[3, 1]
17	44	2982	11	8	[3, 1]
36	4	2394	53	31	[3, 1]
36	29	4011	48	47	[63, 1]
42	19	1737	33	14	[3, 1]
17	39	1822	9	4	[3, 1]
36	24	3281	5	4	[3, 1]
17	34	1300	63	20	[3, 1]
42	24	1163	60	17	[63, 1]
56	4	3835	47	44	[3, 1]
42	29	425	29	3	[3, 1]
17	9	461	62	7	[3, 1]
53	14	3989	38	37	[3, 1]
53	34	2412	56	33	[3, 1]
48	29	2936	60	43	[63, 1]
53	44	1892	13	6	[63, 1]
56	9	3602	58	51	[3, 1]
68	4	3667	19	17	[9, 7]
68	39	2321	30	17	[9, 7]
53	9	3355	61	50	[63, 1]
53	39	332	37	3	[63, 1]
64	39	1890	13	6	[63, 1]
56	19	2734	3	2	[3, 1]
53	49	1278	16	5	[3, 1]
53	19	1759	7	3	[9, 7]
56	24	2015	63	31	[3, 1]
56	39	4020	54	53	[9, 7]
37	39	2180	62	33	[3, 1]
64	34	3479	53	45	[3, 1]
37	9	2845	36	25	[63, 1]
37	24	3426	55	46	[9, 7]
37	44	214	19	1	[9, 7]
15	34	1794	16	7	[3, 1]
15	19	2013	59	29	[3, 1]
64	19	3181	58	45	[3, 1]
15	44	1400	38	13	[3, 1]
64	24	954	43	10	[9, 7]
68	44	3762	49	45	[63, 1]
15	29	1245	56	17	[3, 1]
64	4	807	61	12	[63, 1]
41	34	2980	11	8	[3, 1]
24	4	2720	3	2	[3, 1]
64	14	1353	61	20	[63, 1]
48	14	3435	31	26	[9, 7]
15	39	2699	44	29	[3, 1]
15	49	3820	59	55	[3, 1]
41	49	3064	4	3	[3, 1]
24	44	953	43	10	[9, 7]
15	14	3035	27	20	[3, 1]
24	49	664	37	6	[63, 1]
71	9	2696	38	25	[3, 1]
41	24	1688	17	7	[3, 1]
24	14	1937	55	26	[9, 7]
41	44	2054	2	1	[3, 1]
41	9	2619	61	39	[63, 1]
48	9	1315	53	17	[3, 1]
48	34	858	43	9	[9, 7]
41	14	725	62	11	[3, 1]
41	19	632	13	2	[63, 1]
71	49	2687	32	21	[3, 1]
24	19	3028	23	17	[3, 1]
68	34	3277	5	4	[3, 1]
48	39	46	63	1	[3, 1]
68	29	2456	5	3	[3, 1]
48	49	3441	25	21	[63, 1]
24	24	3159	35	27	[3, 1]
71	29	3205	23	18	[3, 1]
24	9	3080	4	3	[3, 1]
71	44	1882	37	17	[63, 1]
48	4	2382	43	25	[9, 7]
71	39	2076	63	32	[3, 1]
24	29	1732	26	11	[3, 1]
68	49	3296	41	33	[3, 1]
68	9	1373	3	1	[3, 1]
68	14	487	42	5	[9, 7]
71	24	3982	36	35	[63, 1]
71	19	2065	63	32	[3, 1]
71	34	3876	56	53	[3, 1]
