case	rep	j	r	k	guesses
0	0	683	3	2	[1, 9]
0	1	0	0	0	[0, 0]
0	2	172	6	1	[1, 27]
0	3	512	2	1	[1, 9]
0	4	683	3	2	[1, 9]
0	5	0	0	0	[0, 0]
0	6	0	0	0	[0, 0]
0	7	680	3	2	[1, 9]
0	8	853	6	5	[1, 27]
0	9	686	3	2	[1, 9]
0	10	683	3	2	[1, 9]
0	11	170	6	1	[1, 27]
0	12	171	6	1	[1, 27]
0	13	683	3	2	[1, 9]
0	14	341	3	1	[1, 9]
0	15	0	0	0	[0, 0]
0	16	683	3	2	[1, 9]
0	17	512	2	1	[1, 9]
0	18	0	0	0	[0, 0]
0	19	170	6	1	[1, 27]
0	20	0	0	0	[0, 0]
0	21	683	3	2	[1, 9]
0	22	852	6	5	[1, 27]
0	23	0	0	0	[0, 0]
0	24	171	6	1	[1, 27]
0	25	512	2	1	[1, 9]
0	26	683	3	2	[1, 9]
0	27	171	6	1	[1, 27]
0	28	341	3	1	[1, 9]
0	29	682	3	2	[1, 9]
0	30	171	6	1	[1, 27]
0	31	512	2	1	[1, 9]
0	32	0	0	0	[0, 0]
0	33	684	3	2	[1, 9]
0	34	0	0	0	[0, 0]
0	35	170	6	1	[1, 27]
0	36	171	6	1	[1, 27]
0	37	683	3	2	[1, 9]
0	38	0	0	0	[0, 0]
0	39	341	3	1	[1, 9]
0	40	170	6	1	[1, 27]
0	41	0	0	0	[0, 0]
0	42	173	6	1	[1, 27]
0	43	170	6	1	[1, 27]
0	44	512	2	1	[1, 9]
0	45	0	0	0	[0, 0]
0	46	171	6	1	[1, 27]
0	47	853	6	5	[1, 27]
0	48	512	2	1	[1, 9]
0	49	512	2	1	[1, 9]
1	0	651	11	7	[1, 9]
1	1	343	3	1	[1, 9]
1	2	69	15	1	[1, 9]
1	3	341	3	1	[1, 9]
1	4	341	3	1	[1, 9]
1	5	512	2	1	[1, 9]
1	6	0	0	0	[0, 0]
1	7	854	6	5	[1, 27]
1	8	745	11	8	[1, 9]
1	9	204	5	1	[9, 1]
1	10	170	6	1	[1, 27]
1	11	512	2	1	[1, 9]
1	12	341	3	1	[1, 9]
1	13	171	6	1	[1, 27]
1	14	685	3	2	[1, 9]
1	15	168	6	1	[1, 27]
1	16	2	1	0	[27, 1]
1	17	853	6	5	[1, 27]
1	18	512	2	1	[1, 9]
1	19	854	6	5	[1, 27]
1	20	513	2	1	[1, 9]
1	21	544	17	9	[9, 1]
1	22	169	6	1	[1, 27]
1	23	299	24	7	[27, 1]
1	24	512	2	1	[1, 9]
1	25	512	2	1	[1, 9]
1	26	682	3	2	[1, 9]
1	27	855	6	5	[1, 27]
1	28	341	3	1	[1, 9]
1	29	853	6	5	[1, 27]
1	30	512	2	1	[1, 9]
1	31	512	2	1	[1, 9]
1	32	0	0	0	[0, 0]
1	33	512	2	1	[1, 9]
1	34	266	27	7	[1, 9]
1	35	107	19	2	[1, 27]
1	36	341	3	1	[1, 9]
1	37	170	6	1	[1, 27]
1	38	853	6	5	[1, 27]
1	39	555	24	13	[27, 1]
1	40	0	0	0	[0, 0]
1	41	512	2	1	[1, 9]
1	42	278	11	3	[1, 9]
1	43	338	3	1	[1, 9]
1	44	885	22	19	[1, 9]
1	45	682	3	2	[1, 9]
1	46	861	25	21	[27, 1]
1	47	683	3	2	[1, 9]
1	48	0	0	0	[0, 0]
1	49	353	26	9	[1, 9]
2	0	544	17	9	[9, 1]
2	1	896	8	7	[9, 1]
2	2	654	25	16	[27, 1]
2	3	171	6	1	[1, 27]
2	4	675	26	17	[1, 9]
2	5	513	2	1	[1, 9]
2	6	552	13	7	[27, 1]
2	7	16	1	0	[27, 1]
2	8	0	0	0	[0, 0]
2	9	512	2	1	[1, 9]
2	10	809	19	15	[1, 27]
2	11	480	17	8	[9, 1]
2	12	139	22	3	[1, 9]
2	13	683	3	2	[1, 9]
2	14	854	6	5	[1, 27]
2	15	170	6	1	[1, 27]
2	16	854	6	5	[1, 27]
2	17	512	2	1	[1, 9]
2	18	106	19	2	[1, 27]
2	19	85	12	1	[27, 1]
2	20	837	11	9	[1, 9]
2	21	853	6	5	[1, 27]
2	22	171	6	1	[1, 27]
2	23	170	6	1	[1, 27]
2	24	863	19	16	[1, 27]
2	25	576	16	9	[9, 1]
2	26	912	9	8	[9, 1]
2	27	372	11	4	[1, 9]
2	28	528	27	14	[1, 9]
2	29	0	0	0	[0, 0]
2	30	155	20	3	[9, 1]
2	31	256	4	1	[9, 1]
2	32	504	2	1	[1, 9]
2	33	0	0	0	[0, 0]
2	34	469	24	11	[27, 1]
2	35	81	25	2	[27, 1]
2	36	0	0	0	[0, 0]
2	37	184	11	2	[1, 9]
2	38	299	24	7	[27, 1]
2	39	853	6	5	[1, 27]
2	40	683	3	2	[1, 9]
2	41	514	2	1	[1, 9]
2	42	698	22	15	[1, 9]
2	43	896	8	7	[9, 1]
2	44	478	15	7	[1, 9]
2	45	512	2	1	[1, 9]
2	46	512	2	1	[1, 9]
2	47	4	1	0	[27, 1]
2	48	298	24	7	[27, 1]
2	49	1	1	0	[27, 1]
3	0	85	12	1	[27, 1]
3	1	960	16	15	[9, 1]
3	2	756	23	17	[1, 9]
3	3	488	21	10	[9, 1]
3	4	130	8	1	[9, 1]
3	5	344	3	1	[1, 9]
3	6	339	3	1	[1, 9]
3	7	683	3	2	[1, 9]
3	8	324	19	6	[1, 27]
3	9	640	8	5	[9, 1]
3	10	328	25	8	[27, 1]
3	11	1010	1	1	[27, 1]
3	12	171	6	1	[1, 27]
3	13	544	17	9	[9, 1]
3	14	634	21	13	[9, 1]
3	15	901	25	22	[27, 1]
3	16	576	16	9	[9, 1]
3	17	1	1	0	[27, 1]
3	18	966	18	17	[1, 27]
3	19	854	6	5	[1, 27]
3	20	612	5	3	[9, 1]
3	21	155	20	3	[9, 1]
3	22	651	11	7	[1, 9]
3	23	884	22	19	[1, 9]
3	24	634	21	13	[9, 1]
3	25	168	6	1	[1, 27]
3	26	128	8	1	[9, 1]
3	27	370	25	9	[27, 1]
3	28	107	19	2	[1, 27]
3	29	276	26	7	[1, 9]
3	30	512	2	1	[1, 9]
3	31	172	6	1	[1, 27]
3	32	687	3	2	[1, 9]
3	33	212	24	5	[27, 1]
3	34	299	24	7	[27, 1]
3	35	363	17	6	[9, 1]
3	36	149	27	4	[1, 9]
3	37	549	13	7	[27, 1]
3	38	512	2	1	[1, 9]
3	39	896	8	7	[9, 1]
3	40	661	17	11	[9, 1]
3	41	512	2	1	[1, 9]
3	42	245	25	6	[27, 1]
3	43	811	24	19	[27, 1]
3	44	170	6	1	[1, 27]
3	45	276	26	7	[1, 9]
3	46	8	1	0	[27, 1]
3	47	904	17	15	[9, 1]
3	48	34	27	1	[1, 9]
3	49	341	3	1	[1, 9]
4	0	405	23	9	[1, 9]
4	1	584	7	4	[1, 27]
4	2	341	3	1	[1, 9]
4	3	277	26	7	[1, 9]
4	4	681	3	2	[1, 9]
4	5	931	11	10	[1, 9]
4	6	518	2	1	[1, 9]
4	7	309	10	3	[1, 9]
4	8	691	25	17	[27, 1]
4	9	295	7	2	[1, 27]
4	10	276	26	7	[1, 9]
4	11	633	21	13	[9, 1]
4	12	681	3	2	[1, 9]
4	13	40	26	1	[1, 9]
4	14	611	5	3	[9, 1]
4	15	277	26	7	[1, 9]
4	16	853	6	5	[1, 27]
4	17	72	14	1	[1, 9]
4	18	675	26	17	[1, 9]
4	19	939	12	11	[27, 1]
4	20	691	25	17	[27, 1]
4	21	513	2	1	[1, 9]
4	22	681	3	2	[1, 9]
4	23	437	7	3	[1, 27]
4	24	981	24	23	[27, 1]
4	25	426	12	5	[27, 1]
4	26	406	5	2	[9, 1]
4	27	773	4	3	[9, 1]
4	28	516	2	1	[1, 9]
4	29	853	6	5	[1, 27]
4	30	735	25	18	[27, 1]
4	31	69	15	1	[1, 9]
4	32	229	9	2	[9, 1]
4	33	714	23	16	[1, 9]
4	34	641	8	5	[9, 1]
4	35	174	6	1	[1, 27]
4	36	365	14	5	[1, 9]
4	37	587	7	4	[1, 27]
4	38	978	22	21	[1, 9]
4	39	321	16	5	[9, 1]
4	40	341	3	1	[1, 9]
4	41	197	26	5	[1, 9]
4	42	683	3	2	[1, 9]
4	43	187	11	2	[1, 9]
4	44	426	12	5	[27, 1]
4	45	407	5	2	[9, 1]
4	46	512	2	1	[1, 9]
4	47	729	7	5	[1, 27]
4	48	8	1	0	[27, 1]
4	49	448	16	7	[9, 1]
5	0	984	26	25	[1, 9]
5	1	699	22	15	[1, 9]
5	2	277	26	7	[1, 9]
5	3	682	3	2	[1, 9]
5	4	569	9	5	[9, 1]
5	5	938	12	11	[27, 1]
5	6	58	18	1	[1, 27]
5	7	6	1	0	[27, 1]
5	8	554	24	13	[27, 1]
5	9	779	25	19	[27, 1]
5	10	890	23	20	[1, 9]
5	11	405	23	9	[1, 9]
5	12	640	8	5	[9, 1]
5	13	849	23	19	[1, 9]
5	14	1003	27	26	[1, 9]
5	15	861	25	21	[27, 1]
5	16	128	8	1	[9, 1]
5	17	644	27	17	[1, 9]
5	18	411	5	2	[9, 1]
5	19	765	4	3	[9, 1]
5	20	448	16	7	[9, 1]
5	21	42	24	1	[27, 1]
5	22	264	27	7	[1, 9]
5	23	427	12	5	[27, 1]
5	24	516	2	1	[1, 9]
5	25	972	20	19	[9, 1]
5	26	222	23	5	[1, 9]
5	27	119	26	3	[1, 9]
5	28	685	3	2	[1, 9]
5	29	955	15	14	[1, 9]
5	30	162	19	3	[1, 27]
5	31	200	26	5	[1, 9]
5	32	768	4	3	[9, 1]
5	33	104	10	1	[1, 9]
5	34	687	3	2	[1, 9]
5	35	148	7	1	[1, 27]
5	36	730	7	5	[1, 27]
5	37	125	25	3	[27, 1]
5	38	187	11	2	[1, 9]
5	39	373	11	4	[1, 9]
5	40	900	25	22	[27, 1]
5	41	18	1	0	[27, 1]
5	42	325	22	7	[1, 9]
5	43	279	11	3	[1, 9]
5	44	314	13	4	[27, 1]
5	45	348	26	9	[1, 9]
5	46	473	13	6	[27, 1]
5	47	811	24	19	[27, 1]
5	48	906	26	23	[1, 9]
5	49	768	4	3	[9, 1]
6	0	855	6	5	[1, 27]
6	1	409	5	2	[9, 1]
6	2	8	1	0	[27, 1]
6	3	650	11	7	[1, 9]
6	4	171	6	1	[1, 27]
6	5	898	8	7	[9, 1]
6	6	309	10	3	[1, 9]
6	7	2	1	0	[27, 1]
6	8	307	10	3	[1, 9]
6	9	885	22	19	[1, 9]
6	10	643	27	17	[1, 9]
6	11	404	23	9	[1, 9]
6	12	4	1	0	[27, 1]
6	13	546	15	8	[1, 9]
6	14	619	23	14	[1, 9]
6	15	157	13	2	[27, 1]
6	16	510	2	1	[1, 9]
6	17	187	11	2	[1, 9]
6	18	0	0	0	[0, 0]
6	19	174	6	1	[1, 27]
6	20	453	9	4	[9, 1]
6	21	337	3	1	[1, 9]
6	22	643	27	17	[1, 9]
6	23	577	16	9	[9, 1]
6	24	203	5	1	[9, 1]
6	25	390	21	8	[9, 1]
6	26	483	17	8	[9, 1]
6	27	861	25	21	[27, 1]
6	28	514	2	1	[1, 9]
6	29	170	6	1	[1, 27]
6	30	513	2	1	[1, 9]
6	31	22	27	1	[1, 9]
6	32	322	19	6	[1, 27]
6	33	977	22	21	[1, 9]
6	34	32	27	1	[1, 9]
6	35	321	16	5	[9, 1]
6	36	173	6	1	[1, 27]
6	37	341	3	1	[1, 9]
6	38	656	25	16	[27, 1]
6	39	853	6	5	[1, 27]
6	40	333	25	8	[27, 1]
6	41	136	15	2	[1, 9]
6	42	943	25	23	[27, 1]
6	43	0	0	0	[0, 0]
6	44	512	2	1	[1, 9]
6	45	853	6	5	[1, 27]
6	46	1005	27	26	[1, 9]
6	47	2	1	0	[27, 1]
6	48	146	7	1	[1, 27]
6	49	870	20	17	[9, 1]
7	0	375	19	7	[1, 27]
7	1	859	25	21	[27, 1]
7	2	261	27	7	[1, 9]
7	3	260	4	1	[9, 1]
7	4	687	3	2	[1, 9]
7	5	933	23	21	[1, 9]
7	6	555	24	13	[27, 1]
7	7	277	26	7	[1, 9]
7	8	21	27	1	[1, 9]
7	9	515	2	1	[1, 9]
7	10	140	22	3	[1, 9]
7	11	137	15	2	[1, 9]
7	12	213	24	5	[27, 1]
7	13	793	22	17	[1, 9]
7	14	349	26	9	[1, 9]
7	15	777	25	19	[27, 1]
7	16	416	27	11	[1, 9]
7	17	12	1	0	[27, 1]
7	18	149	27	4	[1, 9]
7	19	514	2	1	[1, 9]
7	20	238	13	3	[27, 1]
7	21	381	27	10	[1, 9]
7	22	934	23	21	[1, 9]
7	23	821	5	4	[9, 1]
7	24	382	8	3	[9, 1]
7	25	886	15	13	[1, 9]
7	26	65	16	1	[9, 1]
7	27	512	2	1	[1, 9]
7	28	97	21	2	[9, 1]
7	29	333	25	8	[27, 1]
7	30	815	5	4	[9, 1]
7	31	32	27	1	[1, 9]
7	32	523	27	14	[1, 9]
7	33	978	22	21	[1, 9]
7	34	85	12	1	[27, 1]
7	35	772	4	3	[9, 1]
7	36	594	19	11	[1, 27]
7	37	343	3	1	[1, 9]
7	38	513	2	1	[1, 9]
7	39	299	24	7	[27, 1]
7	40	417	27	11	[1, 9]
7	41	189	27	5	[1, 9]
7	42	675	26	17	[1, 9]
7	43	794	9	7	[9, 1]
7	44	43	24	1	[27, 1]
7	45	72	14	1	[1, 9]
7	46	567	9	5	[9, 1]
7	47	757	23	17	[1, 9]
7	48	82	25	2	[27, 1]
7	49	661	17	11	[9, 1]
8	0	132	23	3	[1, 9]
8	1	314	13	4	[27, 1]
8	2	905	26	23	[1, 9]
8	3	68	15	1	[1, 9]
8	4	106	19	2	[1, 27]
8	5	468	24	11	[27, 1]
8	6	968	18	17	[1, 27]
8	7	866	13	11	[27, 1]
8	8	918	19	17	[1, 27]
8	9	860	25	21	[27, 1]
8	10	276	26	7	[1, 9]
8	11	103	10	1	[1, 9]
8	12	2	1	0	[27, 1]
8	13	639	8	5	[9, 1]
8	14	552	13	7	[27, 1]
8	15	629	13	8	[27, 1]
8	16	283	18	5	[1, 27]
8	17	664	17	11	[9, 1]
8	18	682	3	2	[1, 9]
8	19	9	1	0	[27, 1]
8	20	496	27	13	[1, 9]
8	21	288	25	7	[27, 1]
8	22	532	25	13	[27, 1]
8	23	686	3	2	[1, 9]
8	24	501	27	13	[1, 9]
8	25	193	16	3	[9, 1]
8	26	104	10	1	[1, 9]
8	27	984	26	25	[1, 9]
8	28	850	6	5	[1, 27]
8	29	0	0	0	[0, 0]
8	30	521	2	1	[1, 9]
8	31	263	27	7	[1, 9]
8	32	1021	1	1	[27, 1]
8	33	496	27	13	[1, 9]
8	34	353	26	9	[1, 9]
8	35	170	6	1	[1, 27]
8	36	568	9	5	[9, 1]
8	37	285	18	5	[1, 27]
8	38	651	11	7	[1, 9]
8	39	573	25	14	[27, 1]
8	40	820	5	4	[9, 1]
8	41	377	19	7	[1, 27]
8	42	85	12	1	[27, 1]
8	43	978	22	21	[1, 9]
8	44	936	23	21	[1, 9]
8	45	140	22	3	[1, 9]
8	46	681	3	2	[1, 9]
8	47	448	16	7	[9, 1]
8	48	359	20	7	[9, 1]
8	49	91	23	2	[1, 9]
9	0	352	26	9	[1, 9]
9	1	141	22	3	[1, 9]
9	2	528	27	14	[1, 9]
9	3	494	27	13	[1, 9]
9	4	943	25	23	[27, 1]
9	5	977	22	21	[1, 9]
9	6	651	11	7	[1, 9]
9	7	715	10	7	[1, 9]
9	8	301	17	5	[9, 1]
9	9	65	16	1	[9, 1]
9	10	247	25	6	[27, 1]
9	11	715	10	7	[1, 9]
9	12	290	7	2	[1, 27]
9	13	929	11	10	[1, 9]
9	14	687	3	2	[1, 9]
9	15	142	22	3	[1, 9]
9	16	561	20	11	[9, 1]
9	17	323	19	6	[1, 27]
9	18	846	23	19	[1, 9]
9	19	618	5	3	[9, 1]
9	20	919	10	9	[1, 9]
9	21	68	15	1	[1, 9]
9	22	641	8	5	[9, 1]
9	23	863	19	16	[1, 27]
9	24	778	25	19	[27, 1]
9	25	514	2	1	[1, 9]
9	26	385	8	3	[9, 1]
9	27	792	22	17	[1, 9]
9	28	401	23	9	[1, 9]
9	29	217	19	4	[1, 27]
9	30	442	7	3	[1, 27]
9	31	342	3	1	[1, 9]
9	32	683	3	2	[1, 9]
9	33	320	16	5	[9, 1]
9	34	608	27	16	[1, 9]
9	35	384	8	3	[9, 1]
9	36	660	14	9	[1, 9]
9	37	465	11	5	[1, 9]
9	38	84	12	1	[27, 1]
9	39	588	26	15	[1, 9]
9	40	546	15	8	[1, 9]
9	41	385	8	3	[9, 1]
9	42	484	19	9	[1, 27]
9	43	384	8	3	[9, 1]
9	44	407	5	2	[9, 1]
9	45	8	1	0	[27, 1]
9	46	168	6	1	[1, 27]
9	47	119	26	3	[1, 9]
9	48	176	23	4	[1, 9]
9	49	127	8	1	[9, 1]
10	0	533	25	13	[27, 1]
10	1	610	27	16	[1, 9]
10	2	894	8	7	[9, 1]
10	3	854	6	5	[1, 27]
10	4	746	11	8	[1, 9]
10	5	23	27	1	[1, 9]
10	6	545	15	8	[1, 9]
10	7	687	3	2	[1, 9]
10	8	981	24	23	[27, 1]
10	9	669	26	17	[1, 9]
10	10	336	3	1	[1, 9]
10	11	273	15	4	[1, 9]
10	12	698	22	15	[1, 9]
10	13	304	27	8	[1, 9]
10	14	652	11	7	[1, 9]
10	15	101	10	1	[1, 9]
10	16	448	16	7	[9, 1]
10	17	565	20	11	[9, 1]
10	18	156	13	2	[27, 1]
10	19	512	2	1	[1, 9]
10	20	664	17	11	[9, 1]
10	21	337	3	1	[1, 9]
10	22	498	27	13	[1, 9]
10	23	665	20	13	[9, 1]
10	24	323	19	6	[1, 27]
10	25	871	20	17	[9, 1]
10	26	93	11	1	[1, 9]
10	27	682	3	2	[1, 9]
10	28	845	23	19	[1, 9]
10	29	163	25	4	[27, 1]
10	30	826	26	21	[1, 9]
10	31	410	5	2	[9, 1]
10	32	731	7	5	[1, 27]
10	33	640	8	5	[9, 1]
10	34	711	23	16	[1, 9]
10	35	325	22	7	[1, 9]
10	36	517	2	1	[1, 9]
10	37	971	19	18	[1, 27]
10	38	661	17	11	[9, 1]
10	39	786	13	10	[27, 1]
10	40	900	25	22	[27, 1]
10	41	342	3	1	[1, 9]
10	42	272	15	4	[1, 9]
10	43	231	22	5	[1, 9]
10	44	163	25	4	[27, 1]
10	45	321	16	5	[9, 1]
10	46	309	10	3	[1, 9]
10	47	788	13	10	[27, 1]
10	48	435	26	11	[1, 9]
10	49	381	27	10	[1, 9]
11	0	239	17	4	[9, 1]
11	1	855	6	5	[1, 27]
11	2	155	20	3	[9, 1]
11	3	436	26	11	[1, 9]
11	4	693	25	17	[27, 1]
11	5	155	20	3	[9, 1]
11	6	140	22	3	[1, 9]
11	7	424	17	7	[9, 1]
11	8	76	27	2	[1, 9]
11	9	652	11	7	[1, 9]
11	10	701	19	13	[1, 27]
11	11	213	24	5	[27, 1]
11	12	736	25	18	[27, 1]
11	13	381	27	10	[1, 9]
11	14	994	27	26	[1, 9]
11	15	647	19	12	[1, 27]
11	16	909	9	8	[9, 1]
11	17	684	3	2	[1, 9]
11	18	88	23	2	[1, 9]
11	19	875	27	23	[1, 9]
11	20	138	15	2	[1, 9]
11	21	385	8	3	[9, 1]
11	22	0	0	0	[0, 0]
11	23	1001	27	26	[1, 9]
11	24	287	25	7	[27, 1]
11	25	903	17	15	[9, 1]
11	26	950	14	13	[1, 9]
11	27	531	27	14	[1, 9]
11	28	284	18	5	[1, 27]
11	29	685	3	2	[1, 9]
11	30	425	12	5	[27, 1]
11	31	523	27	14	[1, 9]
11	32	810	24	19	[27, 1]
11	33	416	27	11	[1, 9]
11	34	195	21	4	[9, 1]
11	35	46	22	1	[1, 9]
11	36	0	0	0	[0, 0]
11	37	374	11	4	[1, 9]
11	38	961	16	15	[9, 1]
11	39	421	17	7	[9, 1]
11	40	711	23	16	[1, 9]
11	41	258	4	1	[9, 1]
11	42	788	13	10	[27, 1]
11	43	837	11	9	[1, 9]
11	44	582	7	4	[1, 27]
11	45	41	25	1	[27, 1]
11	46	544	17	9	[9, 1]
11	47	102	10	1	[1, 9]
11	48	1015	1	1	[27, 1]
11	49	408	5	2	[9, 1]
12	0	919	10	9	[1, 9]
12	1	13	1	0	[27, 1]
12	2	729	7	5	[1, 27]
12	3	781	21	16	[9, 1]
12	4	976	21	20	[9, 1]
12	5	773	4	3	[9, 1]
12	6	150	27	4	[1, 9]
12	7	898	8	7	[9, 1]
12	8	404	23	9	[1, 9]
12	9	648	19	12	[1, 27]
12	10	65	16	1	[9, 1]
12	11	252	4	1	[9, 1]
12	12	9	1	0	[27, 1]
12	13	585	7	4	[1, 27]
12	14	711	23	16	[1, 9]
12	15	685	3	2	[1, 9]
12	16	261	27	7	[1, 9]
12	17	468	24	11	[27, 1]
12	18	819	5	4	[9, 1]
12	19	455	9	4	[9, 1]
12	20	515	2	1	[1, 9]
12	21	121	17	2	[9, 1]
12	22	736	25	18	[27, 1]
12	23	513	2	1	[1, 9]
12	24	834	27	22	[1, 9]
12	25	669	26	17	[1, 9]
12	26	93	11	1	[1, 9]
12	27	149	27	4	[1, 9]
12	28	1009	1	1	[27, 1]
12	29	778	25	19	[27, 1]
12	30	756	23	17	[1, 9]
12	31	63	16	1	[9, 1]
12	32	501	27	13	[1, 9]
12	33	938	12	11	[27, 1]
12	34	487	21	10	[9, 1]
12	35	387	8	3	[9, 1]
12	36	480	17	8	[9, 1]
12	37	6	1	0	[27, 1]
12	38	845	23	19	[1, 9]
12	39	771	4	3	[9, 1]
12	40	623	23	14	[1, 9]
12	41	453	9	4	[9, 1]
12	42	952	14	13	[1, 9]
12	43	195	21	4	[9, 1]
12	44	430	19	8	[1, 27]
12	45	62	17	1	[9, 1]
12	46	80	13	1	[27, 1]
12	47	32	27	1	[1, 9]
12	48	789	13	10	[27, 1]
12	49	886	15	13	[1, 9]
13	0	27	27	1	[1, 9]
13	1	833	16	13	[9, 1]
13	2	132	23	3	[1, 9]
13	3	713	23	16	[1, 9]
13	4	486	19	9	[1, 27]
13	5	139	22	3	[1, 9]
13	6	14	1	0	[27, 1]
13	7	642	8	5	[9, 1]
13	8	395	13	5	[27, 1]
13	9	114	9	1	[9, 1]
13	10	111	9	1	[9, 1]
13	11	865	13	11	[27, 1]
13	12	1018	1	1	[27, 1]
13	13	520	2	1	[1, 9]
13	14	515	2	1	[1, 9]
13	15	641	8	5	[9, 1]
13	16	507	2	1	[1, 9]
13	17	403	23	9	[1, 9]
13	18	153	20	3	[9, 1]
13	19	36	27	1	[1, 9]
13	20	736	25	18	[27, 1]
13	21	457	9	4	[9, 1]
13	22	800	23	18	[1, 9]
13	23	721	27	19	[1, 9]
13	24	386	8	3	[9, 1]
13	25	160	19	3	[1, 27]
13	26	781	21	16	[9, 1]
13	27	507	2	1	[1, 9]
13	28	103	10	1	[1, 9]
13	29	301	17	5	[9, 1]
13	30	525	27	14	[1, 9]
13	31	109	19	2	[1, 27]
13	32	496	27	13	[1, 9]
13	33	512	2	1	[1, 9]
13	34	307	10	3	[1, 9]
13	35	31	27	1	[1, 9]
13	36	611	5	3	[9, 1]
13	37	350	26	9	[1, 9]
13	38	238	13	3	[27, 1]
13	39	345	3	1	[1, 9]
13	40	118	26	3	[1, 9]
13	41	586	7	4	[1, 27]
13	42	224	23	5	[1, 9]
13	43	897	8	7	[9, 1]
13	44	424	17	7	[9, 1]
13	45	667	23	15	[1, 9]
13	46	499	27	13	[1, 9]
13	47	519	2	1	[1, 9]
13	48	936	23	21	[1, 9]
13	49	923	10	9	[1, 9]
14	0	688	3	2	[1, 9]
14	1	719	27	19	[1, 9]
14	2	881	7	6	[1, 27]
14	3	617	5	3	[9, 1]
14	4	204	5	1	[9, 1]
14	5	453	9	4	[9, 1]
14	6	219	14	3	[1, 9]
14	7	846	23	19	[1, 9]
14	8	960	16	15	[9, 1]
14	9	939	12	11	[27, 1]
14	10	27	27	1	[1, 9]
14	11	34	27	1	[1, 9]
14	12	111	9	1	[9, 1]
14	13	640	8	5	[9, 1]
14	14	974	20	19	[9, 1]
14	15	790	22	17	[1, 9]
14	16	940	12	11	[27, 1]
14	17	980	23	22	[1, 9]
14	18	449	16	7	[9, 1]
14	19	381	27	10	[1, 9]
14	20	142	22	3	[1, 9]
14	21	961	16	15	[9, 1]
14	22	305	27	8	[1, 9]
14	23	299	24	7	[27, 1]
14	24	173	6	1	[1, 27]
14	25	441	7	3	[1, 27]
14	26	932	11	10	[1, 9]
14	27	917	19	17	[1, 27]
14	28	680	3	2	[1, 9]
14	29	256	4	1	[9, 1]
14	30	872	27	23	[1, 9]
14	31	990	27	26	[1, 9]
14	32	774	25	19	[27, 1]
14	33	952	14	13	[1, 9]
14	34	171	6	1	[1, 27]
14	35	874	27	23	[1, 9]
14	36	319	16	5	[9, 1]
14	37	287	25	7	[27, 1]
14	38	304	27	8	[1, 9]
14	39	499	27	13	[1, 9]
14	40	709	13	9	[27, 1]
14	41	193	16	3	[9, 1]
14	42	753	19	14	[1, 27]
14	43	724	17	12	[9, 1]
14	44	999	27	26	[1, 9]
14	45	634	21	13	[9, 1]
14	46	187	11	2	[1, 9]
14	47	738	25	18	[27, 1]
14	48	239	17	4	[9, 1]
14	49	958	16	15	[9, 1]
15	0	303	27	8	[1, 9]
15	1	946	13	12	[27, 1]
15	2	382	8	3	[9, 1]
15	3	419	22	9	[1, 9]
15	4	729	7	5	[1, 27]
15	5	337	3	1	[1, 9]
15	6	751	15	11	[1, 9]
15	7	427	12	5	[27, 1]
15	8	513	2	1	[1, 9]
15	9	240	17	4	[9, 1]
15	10	664	17	11	[9, 1]
15	11	46	22	1	[1, 9]
15	12	98	21	2	[9, 1]
15	13	673	26	17	[1, 9]
15	14	710	13	9	[27, 1]
15	15	377	19	7	[1, 27]
15	16	185	11	2	[1, 9]
15	17	747	26	19	[1, 9]
15	18	69	15	1	[1, 9]
15	19	955	15	14	[1, 9]
15	20	627	18	11	[1, 27]
15	21	320	16	5	[9, 1]
15	22	492	25	12	[27, 1]
15	23	82	25	2	[27, 1]
15	24	869	20	17	[9, 1]
15	25	101	10	1	[1, 9]
15	26	135	23	3	[1, 9]
15	27	744	11	8	[1, 9]
15	28	874	27	23	[1, 9]
15	29	160	19	3	[1, 27]
15	30	341	3	1	[1, 9]
15	31	411	5	2	[9, 1]
15	32	870	20	17	[9, 1]
15	33	640	8	5	[9, 1]
15	34	120	17	2	[9, 1]
15	35	968	18	17	[1, 27]
15	36	1	1	0	[27, 1]
15	37	512	2	1	[1, 9]
15	38	91	23	2	[1, 9]
15	39	319	16	5	[9, 1]
15	40	688	3	2	[1, 9]
15	41	192	16	3	[9, 1]
15	42	255	4	1	[9, 1]
15	43	880	7	6	[1, 27]
15	44	264	27	7	[1, 9]
15	45	629	13	8	[27, 1]
15	46	51	20	1	[9, 1]
15	47	871	20	17	[9, 1]
15	48	600	17	10	[9, 1]
15	49	241	17	4	[9, 1]
16	0	115	9	1	[9, 1]
16	1	226	9	2	[9, 1]
16	2	196	26	5	[1, 9]
16	3	415	27	11	[1, 9]
16	4	930	11	10	[1, 9]
16	5	676	26	17	[1, 9]
16	6	655	25	16	[27, 1]
16	7	790	22	17	[1, 9]
16	8	483	17	8	[9, 1]
16	9	63	16	1	[9, 1]
16	10	352	26	9	[1, 9]
16	11	230	9	2	[9, 1]
16	12	123	25	3	[27, 1]
16	13	608	27	16	[1, 9]
16	14	727	24	17	[27, 1]
16	15	786	13	10	[27, 1]
16	16	662	17	11	[9, 1]
16	17	1003	27	26	[1, 9]
16	18	452	25	11	[27, 1]
16	19	1001	27	26	[1, 9]
16	20	325	22	7	[1, 9]
16	21	469	24	11	[27, 1]
16	22	317	13	4	[27, 1]
16	23	291	7	2	[1, 27]
16	24	311	23	7	[1, 9]
16	25	4	1	0	[27, 1]
16	26	564	20	11	[9, 1]
16	27	901	25	22	[27, 1]
16	28	535	23	12	[1, 9]
16	29	554	24	13	[27, 1]
16	30	296	24	7	[27, 1]
16	31	777	25	19	[27, 1]
16	32	689	3	2	[1, 9]
16	33	842	17	14	[9, 1]
16	34	849	23	19	[1, 9]
16	35	909	9	8	[9, 1]
16	36	980	23	22	[1, 9]
16	37	657	14	9	[1, 9]
16	38	642	8	5	[9, 1]
16	39	760	27	20	[1, 9]
16	40	126	8	1	[9, 1]
16	41	275	26	7	[1, 9]
16	42	438	7	3	[1, 27]
16	43	784	17	13	[9, 1]
16	44	366	14	5	[1, 9]
16	45	450	25	11	[27, 1]
16	46	622	23	14	[1, 9]
16	47	0	0	0	[0, 0]
16	48	712	23	16	[1, 9]
16	49	748	26	19	[1, 9]
17	0	132	23	3	[1, 9]
17	1	36	27	1	[1, 9]
17	2	452	25	11	[27, 1]
17	3	41	25	1	[27, 1]
17	4	648	19	12	[1, 27]
17	5	768	4	3	[9, 1]
17	6	539	19	10	[1, 27]
17	7	585	7	4	[1, 27]
17	8	747	26	19	[1, 9]
17	9	95	11	1	[1, 9]
17	10	687	3	2	[1, 9]
17	11	816	5	4	[9, 1]
17	12	71	14	1	[1, 9]
17	13	957	15	14	[1, 9]
17	14	722	17	12	[9, 1]
17	15	706	16	11	[9, 1]
17	16	29	27	1	[1, 9]
17	17	974	20	19	[9, 1]
17	18	357	23	8	[1, 9]
17	19	524	27	14	[1, 9]
17	20	349	26	9	[1, 9]
17	21	485	19	9	[1, 27]
17	22	4	1	0	[27, 1]
17	23	488	21	10	[9, 1]
17	24	174	6	1	[1, 27]
17	25	452	25	11	[27, 1]
17	26	71	14	1	[1, 9]
17	27	414	27	11	[1, 9]
17	28	171	6	1	[1, 27]
17	29	80	13	1	[27, 1]
17	30	241	17	4	[9, 1]
17	31	409	5	2	[9, 1]
17	32	419	22	9	[1, 9]
17	33	642	8	5	[9, 1]
17	34	118	26	3	[1, 9]
17	35	105	10	1	[1, 9]
17	36	65	16	1	[9, 1]
17	37	937	12	11	[27, 1]
17	38	519	2	1	[1, 9]
17	39	431	19	8	[1, 27]
17	40	101	10	1	[1, 9]
17	41	959	16	15	[9, 1]
17	42	418	27	11	[1, 9]
17	43	230	9	2	[9, 1]
17	44	627	18	11	[1, 27]
17	45	278	11	3	[1, 9]
17	46	420	22	9	[1, 9]
17	47	76	27	2	[1, 9]
17	48	290	7	2	[1, 27]
17	49	900	25	22	[27, 1]
18	0	166	25	4	[27, 1]
18	1	772	4	3	[9, 1]
18	2	992	27	26	[1, 9]
18	3	48	21	1	[9, 1]
18	4	487	21	10	[9, 1]
18	5	1012	1	1	[27, 1]
18	6	124	25	3	[27, 1]
18	7	540	19	10	[1, 27]
18	8	496	27	13	[1, 9]
18	9	683	3	2	[1, 9]
18	10	733	7	5	[1, 27]
18	11	440	7	3	[1, 27]
18	12	38	27	1	[1, 9]
18	13	985	26	25	[1, 9]
18	14	761	27	20	[1, 9]
18	15	490	23	11	[1, 9]
18	16	616	5	3	[9, 1]
18	17	14	1	0	[27, 1]
18	18	781	21	16	[9, 1]
18	19	103	10	1	[1, 9]
18	20	528	27	14	[1, 9]
18	21	724	17	12	[9, 1]
18	22	248	25	6	[27, 1]
18	23	321	16	5	[9, 1]
18	24	988	27	26	[1, 9]
18	25	884	22	19	[1, 9]
18	26	231	22	5	[1, 9]
18	27	136	15	2	[1, 9]
18	28	340	3	1	[1, 9]
18	29	759	27	20	[1, 9]
18	30	299	24	7	[27, 1]
18	31	773	4	3	[9, 1]
18	32	587	7	4	[1, 27]
18	33	129	8	1	[9, 1]
18	34	755	19	14	[1, 27]
18	35	994	27	26	[1, 9]
18	36	779	25	19	[27, 1]
18	37	349	26	9	[1, 9]
18	38	173	6	1	[1, 27]
18	39	743	11	8	[1, 9]
18	40	514	2	1	[1, 9]
18	41	474	13	6	[27, 1]
18	42	449	16	7	[9, 1]
18	43	573	25	14	[27, 1]
18	44	193	16	3	[9, 1]
18	45	237	13	3	[27, 1]
18	46	147	7	1	[1, 27]
18	47	923	10	9	[1, 9]
18	48	100	10	1	[1, 9]
18	49	103	10	1	[1, 9]
19	0	711	23	16	[1, 9]
19	1	269	19	5	[1, 27]
19	2	1014	1	1	[27, 1]
19	3	556	24	13	[27, 1]
19	4	671	26	17	[1, 9]
19	5	562	20	11	[9, 1]
19	6	408	5	2	[9, 1]
19	7	948	27	25	[1, 9]
19	8	543	17	9	[9, 1]
19	9	248	25	6	[27, 1]
19	10	96	21	2	[9, 1]
19	11	569	9	5	[9, 1]
19	12	444	23	10	[1, 9]
19	13	74	14	1	[1, 9]
19	14	554	24	13	[27, 1]
19	15	423	17	7	[9, 1]
19	16	197	26	5	[1, 9]
19	17	151	27	4	[1, 9]
19	18	611	5	3	[9, 1]
19	19	485	19	9	[1, 27]
19	20	262	27	7	[1, 9]
19	21	1014	1	1	[27, 1]
19	22	645	27	17	[1, 9]
19	23	961	16	15	[9, 1]
19	24	454	9	4	[9, 1]
19	25	569	9	5	[9, 1]
19	26	496	27	13	[1, 9]
19	27	269	19	5	[1, 27]
19	28	958	16	15	[9, 1]
19	29	850	6	5	[1, 27]
19	30	750	15	11	[1, 9]
19	31	274	15	4	[1, 9]
19	32	504	2	1	[1, 9]
19	33	545	15	8	[1, 9]
19	34	817	5	4	[9, 1]
19	35	0	0	0	[0, 0]
19	36	822	5	4	[9, 1]
19	37	992	27	26	[1, 9]
19	38	681	3	2	[1, 9]
19	39	317	13	4	[27, 1]
19	40	354	26	9	[1, 9]
19	41	664	17	11	[9, 1]
19	42	298	24	7	[27, 1]
19	43	896	8	7	[9, 1]
19	44	31	27	1	[1, 9]
19	45	774	25	19	[27, 1]
19	46	321	16	5	[9, 1]
19	47	453	9	4	[9, 1]
19	48	783	17	13	[9, 1]
19	49	85	12	1	[27, 1]
20	0	732	7	5	[1, 27]
20	1	166	25	4	[27, 1]
20	2	128	8	1	[9, 1]
20	3	795	9	7	[9, 1]
20	4	549	13	7	[27, 1]
20	5	162	19	3	[1, 27]
20	6	166	25	4	[27, 1]
20	7	314	13	4	[27, 1]
20	8	445	23	10	[1, 9]
20	9	46	22	1	[1, 9]
20	10	955	15	14	[1, 9]
20	11	862	19	16	[1, 27]
20	12	420	22	9	[1, 9]
20	13	704	16	11	[9, 1]
20	14	315	13	4	[27, 1]
20	15	137	15	2	[1, 9]
20	16	979	23	22	[1, 9]
20	17	203	5	1	[9, 1]
20	18	112	9	1	[9, 1]
20	19	507	2	1	[1, 9]
20	20	18	1	0	[27, 1]
20	21	424	17	7	[9, 1]
20	22	635	21	13	[9, 1]
20	23	412	5	2	[9, 1]
20	24	992	27	26	[1, 9]
20	25	796	9	7	[9, 1]
20	26	157	13	2	[27, 1]
20	27	465	11	5	[1, 9]
20	28	554	24	13	[27, 1]
20	29	987	27	26	[1, 9]
20	30	905	26	23	[1, 9]
20	31	540	19	10	[1, 27]
20	32	231	22	5	[1, 9]
20	33	453	9	4	[9, 1]
20	34	978	22	21	[1, 9]
20	35	16	1	0	[27, 1]
20	36	657	14	9	[1, 9]
20	37	151	27	4	[1, 9]
20	38	971	19	18	[1, 27]
20	39	872	27	23	[1, 9]
20	40	872	27	23	[1, 9]
20	41	674	26	17	[1, 9]
20	42	943	25	23	[27, 1]
20	43	78	13	1	[27, 1]
20	44	396	13	5	[27, 1]
20	45	56	18	1	[1, 27]
20	46	632	13	8	[27, 1]
20	47	413	5	2	[9, 1]
20	48	139	22	3	[1, 9]
20	49	23	27	1	[1, 9]
21	0	94	11	1	[1, 9]
21	1	838	11	9	[1, 9]
21	2	821	5	4	[9, 1]
21	3	589	26	15	[1, 9]
21	4	158	13	2	[27, 1]
21	5	802	23	18	[1, 9]
21	6	592	19	11	[1, 27]
21	7	160	19	3	[1, 27]
21	8	308	10	3	[1, 9]
21	9	113	9	1	[9, 1]
21	10	255	4	1	[9, 1]
21	11	899	25	22	[27, 1]
21	12	425	12	5	[27, 1]
21	13	946	13	12	[27, 1]
21	14	653	11	7	[1, 9]
21	15	27	27	1	[1, 9]
21	16	911	9	8	[9, 1]
21	17	261	27	7	[1, 9]
21	18	353	26	9	[1, 9]
21	19	593	19	11	[1, 27]
21	20	519	2	1	[1, 9]
21	21	801	23	18	[1, 9]
21	22	418	27	11	[1, 9]
21	23	656	25	16	[27, 1]
21	24	485	19	9	[1, 27]
21	25	657	14	9	[1, 9]
21	26	335	3	1	[1, 9]
21	27	148	7	1	[1, 27]
21	28	207	5	1	[9, 1]
21	29	321	16	5	[9, 1]
21	30	117	26	3	[1, 9]
21	31	623	23	14	[1, 9]
21	32	43	24	1	[27, 1]
21	33	634	21	13	[9, 1]
21	34	154	20	3	[9, 1]
21	35	731	7	5	[1, 27]
21	36	974	20	19	[9, 1]
21	37	752	15	11	[1, 9]
21	38	168	6	1	[1, 27]
21	39	687	3	2	[1, 9]
21	40	601	17	10	[9, 1]
21	41	313	23	7	[1, 9]
21	42	455	9	4	[9, 1]
21	43	604	22	13	[1, 9]
21	44	513	2	1	[1, 9]
21	45	157	13	2	[27, 1]
21	46	78	13	1	[27, 1]
21	47	26	27	1	[1, 9]
21	48	759	27	20	[1, 9]
21	49	349	26	9	[1, 9]
22	0	650	11	7	[1, 9]
22	1	295	7	2	[1, 27]
22	2	407	5	2	[9, 1]
22	3	55	19	1	[1, 27]
22	4	869	20	17	[9, 1]
22	5	592	19	11	[1, 27]
22	6	336	3	1	[1, 9]
22	7	35	27	1	[1, 9]
22	8	402	23	9	[1, 9]
22	9	944	13	12	[27, 1]
22	10	833	16	13	[9, 1]
22	11	233	22	5	[1, 9]
22	12	744	11	8	[1, 9]
22	13	1012	1	1	[27, 1]
22	14	491	25	12	[27, 1]
22	15	336	3	1	[1, 9]
22	16	537	21	11	[9, 1]
22	17	773	4	3	[9, 1]
22	18	160	19	3	[1, 27]
22	19	473	13	6	[27, 1]
22	20	457	9	4	[9, 1]
22	21	8	1	0	[27, 1]
22	22	966	18	17	[1, 27]
22	23	165	25	4	[27, 1]
22	24	203	5	1	[9, 1]
22	25	53	19	1	[1, 27]
22	26	57	18	1	[1, 27]
22	27	859	25	21	[27, 1]
22	28	526	27	14	[1, 9]
22	29	838	11	9	[1, 9]
22	30	343	3	1	[1, 9]
22	31	342	3	1	[1, 9]
22	32	268	23	6	[1, 9]
22	33	971	19	18	[1, 27]
22	34	890	23	20	[1, 9]
22	35	764	4	3	[9, 1]
22	36	272	15	4	[1, 9]
22	37	760	27	20	[1, 9]
22	38	469	24	11	[27, 1]
22	39	152	27	4	[1, 9]
22	40	796	9	7	[9, 1]
22	41	936	23	21	[1, 9]
22	42	107	19	2	[1, 27]
22	43	560	11	6	[1, 9]
22	44	715	10	7	[1, 9]
22	45	577	16	9	[9, 1]
22	46	263	27	7	[1, 9]
22	47	544	17	9	[9, 1]
22	48	231	22	5	[1, 9]
22	49	969	19	18	[1, 27]
23	0	465	11	5	[1, 9]
23	1	576	16	9	[9, 1]
23	2	16	1	0	[27, 1]
23	3	661	17	11	[9, 1]
23	4	755	19	14	[1, 27]
23	5	342	3	1	[1, 9]
23	6	694	25	17	[27, 1]
23	7	26	27	1	[1, 9]
23	8	390	21	8	[9, 1]
23	9	69	15	1	[1, 9]
23	10	410	5	2	[9, 1]
23	11	301	17	5	[9, 1]
23	12	240	17	4	[9, 1]
23	13	596	12	7	[27, 1]
23	14	219	14	3	[1, 9]
23	15	581	23	13	[1, 9]
23	16	991	27	26	[1, 9]
23	17	121	17	2	[9, 1]
23	18	122	25	3	[27, 1]
23	19	616	5	3	[9, 1]
23	20	918	19	17	[1, 27]
23	21	952	14	13	[1, 9]
23	22	236	13	3	[27, 1]
23	23	864	19	16	[1, 27]
23	24	613	5	3	[9, 1]
23	25	569	9	5	[9, 1]
23	26	153	20	3	[9, 1]
23	27	476	15	7	[1, 9]
23	28	129	8	1	[9, 1]
23	29	424	17	7	[9, 1]
23	30	816	5	4	[9, 1]
23	31	435	26	11	[1, 9]
23	32	895	8	7	[9, 1]
23	33	39	26	1	[1, 9]
23	34	334	25	8	[27, 1]
23	35	299	24	7	[27, 1]
23	36	558	11	6	[1, 9]
23	37	636	21	13	[9, 1]
23	38	680	3	2	[1, 9]
23	39	343	3	1	[1, 9]
23	40	98	21	2	[9, 1]
23	41	541	17	9	[9, 1]
23	42	727	24	17	[27, 1]
23	43	467	11	5	[1, 9]
23	44	839	11	9	[1, 9]
23	45	36	27	1	[1, 9]
23	46	27	27	1	[1, 9]
23	47	299	24	7	[27, 1]
23	48	836	27	22	[1, 9]
23	49	744	11	8	[1, 9]
24	0	71	14	1	[1, 9]
24	1	203	5	1	[9, 1]
24	2	614	5	3	[9, 1]
24	3	210	24	5	[27, 1]
24	4	667	23	15	[1, 9]
24	5	558	11	6	[1, 9]
24	6	129	8	1	[9, 1]
24	7	532	25	13	[27, 1]
24	8	836	27	22	[1, 9]
24	9	438	7	3	[1, 27]
24	10	317	13	4	[27, 1]
24	11	927	21	19	[9, 1]
24	12	452	25	11	[27, 1]
24	13	40	26	1	[1, 9]
24	14	672	26	17	[1, 9]
24	15	108	19	2	[1, 27]
24	16	325	22	7	[1, 9]
24	17	249	25	6	[27, 1]
24	18	649	19	12	[1, 27]
24	19	325	22	7	[1, 9]
24	20	935	23	21	[1, 9]
24	21	845	23	19	[1, 9]
24	22	68	15	1	[1, 9]
24	23	1016	1	1	[27, 1]
24	24	827	26	21	[1, 9]
24	25	432	19	8	[1, 27]
24	26	922	10	9	[1, 9]
24	27	447	16	7	[9, 1]
24	28	386	8	3	[9, 1]
24	29	773	4	3	[9, 1]
24	30	940	12	11	[27, 1]
24	31	365	14	5	[1, 9]
24	32	252	4	1	[9, 1]
24	33	949	27	25	[1, 9]
24	34	305	27	8	[1, 9]
24	35	733	7	5	[1, 27]
24	36	281	11	3	[1, 9]
24	37	239	17	4	[9, 1]
24	38	952	14	13	[1, 9]
24	39	505	2	1	[1, 9]
24	40	94	11	1	[1, 9]
24	41	833	16	13	[9, 1]
24	42	937	12	11	[27, 1]
24	43	728	24	17	[27, 1]
24	44	116	26	3	[1, 9]
24	45	622	23	14	[1, 9]
24	46	597	12	7	[27, 1]
24	47	224	23	5	[1, 9]
24	48	674	26	17	[1, 9]
24	49	796	9	7	[9, 1]
25	0	860	25	21	[27, 1]
25	1	226	9	2	[9, 1]
25	2	496	27	13	[1, 9]
25	3	444	23	10	[1, 9]
25	4	460	20	9	[9, 1]
25	5	66	16	1	[9, 1]
25	6	363	17	6	[9, 1]
25	7	851	6	5	[1, 27]
25	8	114	9	1	[9, 1]
25	9	771	4	3	[9, 1]
25	10	819	5	4	[9, 1]
25	11	131	23	3	[1, 9]
25	12	270	19	5	[1, 27]
25	13	710	13	9	[27, 1]
25	14	789	13	10	[27, 1]
25	15	250	25	6	[27, 1]
25	16	173	6	1	[1, 27]
25	17	308	10	3	[1, 9]
25	18	292	7	2	[1, 27]
25	19	580	23	13	[1, 9]
25	20	263	27	7	[1, 9]
25	21	491	25	12	[27, 1]
25	22	955	15	14	[1, 9]
25	23	121	17	2	[9, 1]
25	24	531	27	14	[1, 9]
25	25	453	9	4	[9, 1]
25	26	365	14	5	[1, 9]
25	27	342	3	1	[1, 9]
25	28	486	19	9	[1, 27]
25	29	577	16	9	[9, 1]
25	30	609	27	16	[1, 9]
25	31	267	23	6	[1, 9]
25	32	14	1	0	[27, 1]
25	33	363	17	6	[9, 1]
25	34	1018	1	1	[27, 1]
25	35	993	27	26	[1, 9]
25	36	806	14	11	[1, 9]
25	37	152	27	4	[1, 9]
25	38	498	27	13	[1, 9]
25	39	8	1	0	[27, 1]
25	40	398	18	7	[1, 27]
25	41	442	7	3	[1, 27]
25	42	106	19	2	[1, 27]
25	43	470	24	11	[27, 1]
25	44	466	11	5	[1, 9]
25	45	142	22	3	[1, 9]
25	46	898	8	7	[9, 1]
25	47	109	19	2	[1, 27]
25	48	55	19	1	[1, 27]
25	49	598	12	7	[27, 1]
26	0	430	19	8	[1, 27]
26	1	105	10	1	[1, 9]
26	2	256	4	1	[9, 1]
26	3	773	4	3	[9, 1]
26	4	132	23	3	[1, 9]
26	5	734	7	5	[1, 27]
26	6	331	25	8	[27, 1]
26	7	155	20	3	[9, 1]
26	8	237	13	3	[27, 1]
26	9	963	17	16	[9, 1]
26	10	759	27	20	[1, 9]
26	11	136	15	2	[1, 9]
26	12	142	22	3	[1, 9]
26	13	544	17	9	[9, 1]
26	14	657	14	9	[1, 9]
26	15	187	11	2	[1, 9]
26	16	140	22	3	[1, 9]
26	17	753	19	14	[1, 27]
26	18	1014	1	1	[27, 1]
26	19	480	17	8	[9, 1]
26	20	311	23	7	[1, 9]
26	21	597	12	7	[27, 1]
26	22	325	22	7	[1, 9]
26	23	497	27	13	[1, 9]
26	24	233	22	5	[1, 9]
26	25	37	27	1	[1, 9]
26	26	735	25	18	[27, 1]
26	27	888	15	13	[1, 9]
26	28	32	27	1	[1, 9]
26	29	908	26	23	[1, 9]
26	30	530	27	14	[1, 9]
26	31	848	23	19	[1, 9]
26	32	441	7	3	[1, 27]
26	33	738	25	18	[27, 1]
26	34	258	4	1	[9, 1]
26	35	753	19	14	[1, 27]
26	36	771	4	3	[9, 1]
26	37	75	27	2	[1, 9]
26	38	410	5	2	[9, 1]
26	39	153	20	3	[9, 1]
26	40	215	19	4	[1, 27]
26	41	217	19	4	[1, 27]
26	42	393	13	5	[27, 1]
26	43	324	19	6	[1, 27]
26	44	490	23	11	[1, 9]
26	45	546	15	8	[1, 9]
26	46	228	9	2	[9, 1]
26	47	841	17	14	[9, 1]
26	48	1003	27	26	[1, 9]
26	49	896	8	7	[9, 1]
27	0	490	23	11	[1, 9]
27	1	985	26	25	[1, 9]
27	2	366	14	5	[1, 9]
27	3	864	19	16	[1, 27]
27	4	519	2	1	[1, 9]
27	5	271	19	5	[1, 27]
27	6	212	24	5	[27, 1]
27	7	759	27	20	[1, 9]
27	8	17	1	0	[27, 1]
27	9	451	25	11	[27, 1]
27	10	618	5	3	[9, 1]
27	11	409	5	2	[9, 1]
27	12	428	12	5	[27, 1]
27	13	691	25	17	[27, 1]
27	14	767	4	3	[9, 1]
27	15	70	15	1	[1, 9]
27	16	393	13	5	[27, 1]
27	17	273	15	4	[1, 9]
27	18	345	3	1	[1, 9]
27	19	44	23	1	[1, 9]
27	20	877	7	6	[1, 27]
27	21	902	25	22	[27, 1]
27	22	626	18	11	[1, 27]
27	23	180	17	3	[9, 1]
27	24	800	23	18	[1, 9]
27	25	390	21	8	[9, 1]
27	26	526	27	14	[1, 9]
27	27	728	24	17	[27, 1]
27	28	394	13	5	[27, 1]
27	29	219	14	3	[1, 9]
27	30	854	6	5	[1, 27]
27	31	128	8	1	[9, 1]
27	32	188	27	5	[1, 9]
27	33	189	27	5	[1, 9]
27	34	370	25	9	[27, 1]
27	35	680	3	2	[1, 9]
27	36	704	16	11	[9, 1]
27	37	915	19	17	[1, 27]
27	38	451	25	11	[27, 1]
27	39	947	27	25	[1, 9]
27	40	839	11	9	[1, 9]
27	41	376	19	7	[1, 27]
27	42	837	11	9	[1, 9]
27	43	63	16	1	[9, 1]
27	44	835	27	22	[1, 9]
27	45	494	27	13	[1, 9]
27	46	353	26	9	[1, 9]
27	47	547	15	8	[1, 9]
27	48	49	21	1	[9, 1]
27	49	586	7	4	[1, 27]
28	0	397	18	7	[1, 27]
28	1	248	25	6	[27, 1]
28	2	803	14	11	[1, 9]
28	3	390	21	8	[9, 1]
28	4	292	7	2	[1, 27]
28	5	769	4	3	[9, 1]
28	6	580	23	13	[1, 9]
28	7	279	11	3	[1, 9]
28	8	135	23	3	[1, 9]
28	9	113	9	1	[9, 1]
28	10	41	25	1	[27, 1]
28	11	821	5	4	[9, 1]
28	12	400	23	9	[1, 9]
28	13	742	18	13	[1, 27]
28	14	80	13	1	[27, 1]
28	15	318	16	5	[9, 1]
28	16	652	11	7	[1, 9]
28	17	728	24	17	[27, 1]
28	18	592	19	11	[1, 27]
28	19	342	3	1	[1, 9]
28	20	957	15	14	[1, 9]
28	21	260	4	1	[9, 1]
28	22	657	14	9	[1, 9]
28	23	1020	1	1	[27, 1]
28	24	945	13	12	[27, 1]
28	25	619	23	14	[1, 9]
28	26	886	15	13	[1, 9]
28	27	141	22	3	[1, 9]
28	28	326	22	7	[1, 9]
28	29	436	26	11	[1, 9]
28	30	910	9	8	[9, 1]
28	31	138	15	2	[1, 9]
28	32	648	19	12	[1, 27]
28	33	939	12	11	[27, 1]
28	34	662	17	11	[9, 1]
28	35	19	27	1	[1, 9]
28	36	455	9	4	[9, 1]
28	37	181	17	3	[9, 1]
28	38	86	12	1	[27, 1]
28	39	520	2	1	[1, 9]
28	40	337	3	1	[1, 9]
28	41	286	25	7	[27, 1]
28	42	722	17	12	[9, 1]
28	43	657	14	9	[1, 9]
28	44	527	27	14	[1, 9]
28	45	814	24	19	[27, 1]
28	46	808	19	15	[1, 27]
28	47	10	1	0	[27, 1]
28	48	281	11	3	[1, 9]
28	49	302	17	5	[9, 1]
29	0	904	17	15	[9, 1]
29	1	953	14	13	[1, 9]
29	2	151	27	4	[1, 9]
29	3	26	27	1	[1, 9]
29	4	846	23	19	[1, 9]
29	5	953	14	13	[1, 9]
29	6	516	2	1	[1, 9]
29	7	50	20	1	[9, 1]
29	8	113	9	1	[9, 1]
29	9	217	19	4	[1, 27]
29	10	295	7	2	[1, 27]
29	11	860	25	21	[27, 1]
29	12	833	16	13	[9, 1]
29	13	540	19	10	[1, 27]
29	14	1019	1	1	[27, 1]
29	15	498	27	13	[1, 9]
29	16	450	25	11	[27, 1]
29	17	73	14	1	[1, 9]
29	18	824	26	21	[1, 9]
29	19	263	27	7	[1, 9]
29	20	0	0	0	[0, 0]
29	21	632	13	8	[27, 1]
29	22	765	4	3	[9, 1]
29	23	718	10	7	[1, 9]
29	24	240	17	4	[9, 1]
29	25	970	19	18	[1, 27]
29	26	135	23	3	[1, 9]
29	27	695	25	17	[27, 1]
29	28	200	26	5	[1, 9]
29	29	173	6	1	[1, 27]
29	30	607	27	16	[1, 9]
29	31	552	13	7	[27, 1]
29	32	558	11	6	[1, 9]
29	33	98	21	2	[9, 1]
29	34	498	27	13	[1, 9]
29	35	363	17	6	[9, 1]
29	36	870	20	17	[9, 1]
29	37	284	18	5	[1, 27]
29	38	87	12	1	[27, 1]
29	39	649	19	12	[1, 27]
29	40	499	27	13	[1, 9]
29	41	823	5	4	[9, 1]
29	42	567	9	5	[9, 1]
29	43	688	3	2	[1, 9]
29	44	536	21	11	[9, 1]
29	45	376	19	7	[1, 27]
29	46	217	19	4	[1, 27]
29	47	297	24	7	[27, 1]
29	48	455	9	4	[9, 1]
29	49	942	25	23	[27, 1]
30	0	183	17	3	[9, 1]
30	1	638	8	5	[9, 1]
30	2	33	27	1	[1, 9]
30	3	777	25	19	[27, 1]
30	4	162	19	3	[1, 27]
30	5	746	11	8	[1, 9]
30	6	444	23	10	[1, 9]
30	7	953	14	13	[1, 9]
30	8	726	24	17	[27, 1]
30	9	229	9	2	[9, 1]
30	10	105	10	1	[1, 9]
30	11	201	5	1	[9, 1]
30	12	428	12	5	[27, 1]
30	13	749	26	19	[1, 9]
30	14	871	20	17	[9, 1]
30	15	171	6	1	[1, 27]
30	16	216	19	4	[1, 27]
30	17	259	4	1	[9, 1]
30	18	907	26	23	[1, 9]
30	19	297	24	7	[27, 1]
30	20	675	26	17	[1, 9]
30	21	653	11	7	[1, 9]
30	22	279	11	3	[1, 9]
30	23	376	19	7	[1, 27]
30	24	907	26	23	[1, 9]
30	25	384	8	3	[9, 1]
30	26	283	18	5	[1, 27]
30	27	560	11	6	[1, 9]
30	28	949	27	25	[1, 9]
30	29	359	20	7	[9, 1]
30	30	575	16	9	[9, 1]
30	31	852	6	5	[1, 27]
30	32	406	5	2	[9, 1]
30	33	143	7	1	[1, 27]
30	34	995	27	26	[1, 9]
30	35	759	27	20	[1, 9]
30	36	1008	1	1	[27, 1]
30	37	840	11	9	[1, 9]
30	38	849	23	19	[1, 9]
30	39	70	15	1	[1, 9]
30	40	861	25	21	[27, 1]
30	41	653	11	7	[1, 9]
30	42	803	14	11	[1, 9]
30	43	769	4	3	[9, 1]
30	44	878	7	6	[1, 27]
30	45	397	18	7	[1, 27]
30	46	738	25	18	[27, 1]
30	47	220	14	3	[1, 9]
30	48	756	23	17	[1, 9]
30	49	685	3	2	[1, 9]
31	0	850	6	5	[1, 27]
31	1	815	5	4	[9, 1]
31	2	770	4	3	[9, 1]
31	3	69	15	1	[1, 9]
31	4	102	10	1	[1, 9]
31	5	818	5	4	[9, 1]
31	6	602	17	10	[9, 1]
31	7	47	22	1	[1, 9]
31	8	450	25	11	[27, 1]
31	9	287	25	7	[27, 1]
31	10	376	19	7	[1, 27]
31	11	794	9	7	[9, 1]
31	12	215	19	4	[1, 27]
31	13	16	1	0	[27, 1]
31	14	519	2	1	[1, 9]
31	15	906	26	23	[1, 9]
31	16	674	26	17	[1, 9]
31	17	752	15	11	[1, 9]
31	18	164	25	4	[27, 1]
31	19	407	5	2	[9, 1]
31	20	940	12	11	[27, 1]
31	21	744	11	8	[1, 9]
31	22	707	13	9	[27, 1]
31	23	712	23	16	[1, 9]
31	24	517	2	1	[1, 9]
31	25	925	21	19	[9, 1]
31	26	796	9	7	[9, 1]
31	27	49	21	1	[9, 1]
31	28	870	20	17	[9, 1]
31	29	563	20	11	[9, 1]
31	30	65	16	1	[9, 1]
31	31	203	5	1	[9, 1]
31	32	805	14	11	[1, 9]
31	33	983	25	24	[27, 1]
31	34	963	17	16	[9, 1]
31	35	540	19	10	[1, 27]
31	36	706	16	11	[9, 1]
31	37	910	9	8	[9, 1]
31	38	357	23	8	[1, 9]
31	39	401	23	9	[1, 9]
31	40	80	13	1	[27, 1]
31	41	568	9	5	[9, 1]
31	42	241	17	4	[9, 1]
31	43	122	25	3	[27, 1]
31	44	741	18	13	[1, 27]
31	45	587	7	4	[1, 27]
31	46	533	25	13	[27, 1]
31	47	501	27	13	[1, 9]
31	48	975	21	20	[9, 1]
31	49	64	16	1	[9, 1]
32	0	428	12	5	[27, 1]
32	1	308	10	3	[1, 9]
32	2	591	26	15	[1, 9]
32	3	405	23	9	[1, 9]
32	4	662	17	11	[9, 1]
32	5	950	14	13	[1, 9]
32	6	243	21	5	[9, 1]
32	7	709	13	9	[27, 1]
32	8	681	3	2	[1, 9]
32	9	654	25	16	[27, 1]
32	10	559	11	6	[1, 9]
32	11	11	1	0	[27, 1]
32	12	48	21	1	[9, 1]
32	13	654	25	16	[27, 1]
32	14	868	13	11	[27, 1]
32	15	401	23	9	[1, 9]
32	16	997	27	26	[1, 9]
32	17	307	10	3	[1, 9]
32	18	977	22	21	[1, 9]
32	19	360	17	6	[9, 1]
32	20	460	20	9	[9, 1]
32	21	981	24	23	[27, 1]
32	22	896	8	7	[9, 1]
32	23	99	21	2	[9, 1]
32	24	557	11	6	[1, 9]
32	25	701	19	13	[1, 27]
32	26	943	25	23	[27, 1]
32	27	817	5	4	[9, 1]
32	28	386	8	3	[9, 1]
32	29	394	13	5	[27, 1]
32	30	809	19	15	[1, 27]
32	31	344	3	1	[1, 9]
32	32	208	5	1	[9, 1]
32	33	257	4	1	[9, 1]
32	34	13	1	0	[27, 1]
32	35	383	8	3	[9, 1]
32	36	55	19	1	[1, 27]
32	37	916	19	17	[1, 27]
32	38	100	10	1	[1, 9]
32	39	449	16	7	[9, 1]
32	40	836	27	22	[1, 9]
32	41	440	7	3	[1, 27]
32	42	742	18	13	[1, 27]
32	43	958	16	15	[9, 1]
32	44	871	20	17	[9, 1]
32	45	150	27	4	[1, 9]
32	46	886	15	13	[1, 9]
32	47	679	3	2	[1, 9]
32	48	523	27	14	[1, 9]
32	49	201	5	1	[9, 1]
33	0	359	20	7	[9, 1]
33	1	308	10	3	[1, 9]
33	2	582	7	4	[1, 27]
33	3	25	27	1	[1, 9]
33	4	258	4	1	[9, 1]
33	5	997	27	26	[1, 9]
33	6	776	25	19	[27, 1]
33	7	932	11	10	[1, 9]
33	8	1021	1	1	[27, 1]
33	9	433	26	11	[1, 9]
33	10	496	27	13	[1, 9]
33	11	888	15	13	[1, 9]
33	12	37	27	1	[1, 9]
33	13	837	11	9	[1, 9]
33	14	770	4	3	[9, 1]
33	15	221	14	3	[1, 9]
33	16	77	27	2	[1, 9]
33	17	982	24	23	[27, 1]
33	18	629	13	8	[27, 1]
33	19	851	6	5	[1, 27]
33	20	261	27	7	[1, 9]
33	21	945	13	12	[27, 1]
33	22	996	27	26	[1, 9]
33	23	824	26	21	[1, 9]
33	24	554	24	13	[27, 1]
33	25	650	11	7	[1, 9]
33	26	407	5	2	[9, 1]
33	27	107	19	2	[1, 27]
33	28	113	9	1	[9, 1]
33	29	217	19	4	[1, 27]
33	30	886	15	13	[1, 9]
33	31	1003	27	26	[1, 9]
33	32	856	6	5	[1, 27]
33	33	12	1	0	[27, 1]
33	34	616	5	3	[9, 1]
33	35	777	25	19	[27, 1]
33	36	973	20	19	[9, 1]
33	37	42	24	1	[27, 1]
33	38	641	8	5	[9, 1]
33	39	409	5	2	[9, 1]
33	40	676	26	17	[1, 9]
33	41	55	19	1	[1, 27]
33	42	104	10	1	[1, 9]
33	43	233	22	5	[1, 9]
33	44	134	23	3	[1, 9]
33	45	899	25	22	[27, 1]
33	46	926	21	19	[9, 1]
33	47	924	10	9	[1, 9]
33	48	798	9	7	[9, 1]
33	49	292	7	2	[1, 27]
34	0	531	27	14	[1, 9]
34	1	105	10	1	[1, 9]
34	2	525	27	14	[1, 9]
34	3	894	8	7	[9, 1]
34	4	158	13	2	[27, 1]
34	5	677	3	2	[1, 9]
34	6	982	24	23	[27, 1]
34	7	324	19	6	[1, 27]
34	8	980	23	22	[1, 9]
34	9	185	11	2	[1, 9]
34	10	297	24	7	[27, 1]
34	11	626	18	11	[1, 27]
34	12	725	24	17	[27, 1]
34	13	838	11	9	[1, 9]
34	14	328	25	8	[27, 1]
34	15	15	1	0	[27, 1]
34	16	199	26	5	[1, 9]
34	17	540	19	10	[1, 27]
34	18	694	25	17	[27, 1]
34	19	408	5	2	[9, 1]
34	20	985	26	25	[1, 9]
34	21	15	1	0	[27, 1]
34	22	378	19	7	[1, 27]
34	23	756	23	17	[1, 9]
34	24	248	25	6	[27, 1]
34	25	463	20	9	[9, 1]
34	26	953	14	13	[1, 9]
34	27	665	20	13	[9, 1]
34	28	1002	27	26	[1, 9]
34	29	404	23	9	[1, 9]
34	30	174	6	1	[1, 27]
34	31	760	27	20	[1, 9]
34	32	678	3	2	[1, 9]
34	33	768	4	3	[9, 1]
34	34	606	27	16	[1, 9]
34	35	806	14	11	[1, 9]
34	36	632	13	8	[27, 1]
34	37	368	25	9	[27, 1]
34	38	884	22	19	[1, 9]
34	39	171	6	1	[1, 27]
34	40	852	6	5	[1, 27]
34	41	684	3	2	[1, 9]
34	42	30	27	1	[1, 9]
34	43	554	24	13	[27, 1]
34	44	468	24	11	[27, 1]
34	45	726	24	17	[27, 1]
34	46	167	25	4	[27, 1]
34	47	248	25	6	[27, 1]
34	48	862	19	16	[1, 27]
34	49	560	11	6	[1, 9]
35	0	778	25	19	[27, 1]
35	1	284	18	5	[1, 27]
35	2	129	8	1	[9, 1]
35	3	347	3	1	[1, 9]
35	4	926	21	19	[9, 1]
35	5	280	11	3	[1, 9]
35	6	927	21	19	[9, 1]
35	7	781	21	16	[9, 1]
35	8	262	27	7	[1, 9]
35	9	191	16	3	[9, 1]
35	10	239	17	4	[9, 1]
35	11	529	27	14	[1, 9]
35	12	650	11	7	[1, 9]
35	13	220	14	3	[1, 9]
35	14	613	5	3	[9, 1]
35	15	9	1	0	[27, 1]
35	16	920	10	9	[1, 9]
35	17	824	26	21	[1, 9]
35	18	261	27	7	[1, 9]
35	19	864	19	16	[1, 27]
35	20	25	27	1	[1, 9]
35	21	304	27	8	[1, 9]
35	22	772	4	3	[9, 1]
35	23	135	23	3	[1, 9]
35	24	488	21	10	[9, 1]
35	25	995	27	26	[1, 9]
35	26	827	26	21	[1, 9]
35	27	748	26	19	[1, 9]
35	28	421	17	7	[9, 1]
35	29	181	17	3	[9, 1]
35	30	593	19	11	[1, 27]
35	31	540	19	10	[1, 27]
35	32	393	13	5	[27, 1]
35	33	498	27	13	[1, 9]
35	34	528	27	14	[1, 9]
35	35	821	5	4	[9, 1]
35	36	120	17	2	[9, 1]
35	37	874	27	23	[1, 9]
35	38	717	10	7	[1, 9]
35	39	185	11	2	[1, 9]
35	40	31	27	1	[1, 9]
35	41	422	17	7	[9, 1]
35	42	967	18	17	[1, 27]
35	43	595	19	11	[1, 27]
35	44	143	7	1	[1, 27]
35	45	103	10	1	[1, 9]
35	46	760	27	20	[1, 9]
35	47	870	20	17	[9, 1]
35	48	258	4	1	[9, 1]
35	49	532	25	13	[27, 1]
36	0	767	4	3	[9, 1]
36	1	967	18	17	[1, 27]
36	2	143	7	1	[1, 27]
36	3	509	2	1	[1, 9]
36	4	823	5	4	[9, 1]
36	5	858	25	21	[27, 1]
36	6	884	22	19	[1, 9]
36	7	945	13	12	[27, 1]
36	8	716	10	7	[1, 9]
36	9	912	9	8	[9, 1]
36	10	699	22	15	[1, 9]
36	11	502	27	13	[1, 9]
36	12	571	9	5	[9, 1]
36	13	545	15	8	[1, 9]
36	14	140	22	3	[1, 9]
36	15	347	3	1	[1, 9]
36	16	402	23	9	[1, 9]
36	17	707	13	9	[27, 1]
36	18	767	4	3	[9, 1]
36	19	459	20	9	[9, 1]
36	20	145	7	1	[1, 27]
36	21	953	14	13	[1, 9]
36	22	775	25	19	[27, 1]
36	23	873	27	23	[1, 9]
36	24	553	13	7	[27, 1]
36	25	305	27	8	[1, 9]
36	26	2	1	0	[27, 1]
36	27	214	24	5	[27, 1]
36	28	520	2	1	[1, 9]
36	29	833	16	13	[9, 1]
36	30	334	25	8	[27, 1]
36	31	699	22	15	[1, 9]
36	32	200	26	5	[1, 9]
36	33	879	7	6	[1, 27]
36	34	779	25	19	[27, 1]
36	35	300	17	5	[9, 1]
36	36	795	9	7	[9, 1]
36	37	459	20	9	[9, 1]
36	38	315	13	4	[27, 1]
36	39	319	16	5	[9, 1]
36	40	707	13	9	[27, 1]
36	41	671	26	17	[1, 9]
36	42	49	21	1	[9, 1]
36	43	866	13	11	[27, 1]
36	44	685	3	2	[1, 9]
36	45	895	8	7	[9, 1]
36	46	213	24	5	[27, 1]
36	47	780	21	16	[9, 1]
36	48	903	17	15	[9, 1]
36	49	907	26	23	[1, 9]
37	0	660	14	9	[1, 9]
37	1	752	15	11	[1, 9]
37	2	323	19	6	[1, 27]
37	3	289	25	7	[27, 1]
37	4	754	19	14	[1, 27]
37	5	554	24	13	[27, 1]
37	6	908	26	23	[1, 9]
37	7	977	22	21	[1, 9]
37	8	592	19	11	[1, 27]
37	9	844	17	14	[9, 1]
37	10	667	23	15	[1, 9]
37	11	868	13	11	[27, 1]
37	12	737	25	18	[27, 1]
37	13	573	25	14	[27, 1]
37	14	534	23	12	[1, 9]
37	15	394	13	5	[27, 1]
37	16	700	19	13	[1, 27]
37	17	421	17	7	[9, 1]
37	18	497	27	13	[1, 9]
37	19	703	16	11	[9, 1]
37	20	114	9	1	[9, 1]
37	21	989	27	26	[1, 9]
37	22	904	17	15	[9, 1]
37	23	641	8	5	[9, 1]
37	24	382	8	3	[9, 1]
37	25	88	23	2	[1, 9]
37	26	376	19	7	[1, 27]
37	27	547	15	8	[1, 9]
37	28	744	11	8	[1, 9]
37	29	581	23	13	[1, 9]
37	30	62	17	1	[9, 1]
37	31	526	27	14	[1, 9]
37	32	159	13	2	[27, 1]
37	33	768	4	3	[9, 1]
37	34	228	9	2	[9, 1]
37	35	905	26	23	[1, 9]
37	36	646	19	12	[1, 27]
37	37	409	5	2	[9, 1]
37	38	535	23	12	[1, 9]
37	39	853	6	5	[1, 27]
37	40	424	17	7	[9, 1]
37	41	183	17	3	[9, 1]
37	42	375	19	7	[1, 27]
37	43	942	25	23	[27, 1]
37	44	619	23	14	[1, 9]
37	45	625	18	11	[1, 27]
37	46	68	15	1	[1, 9]
37	47	738	25	18	[27, 1]
37	48	142	22	3	[1, 9]
37	49	595	19	11	[1, 27]
38	0	61	17	1	[9, 1]
38	1	861	25	21	[27, 1]
38	2	289	25	7	[27, 1]
38	3	1002	27	26	[1, 9]
38	4	58	18	1	[1, 27]
38	5	460	20	9	[9, 1]
38	6	836	27	22	[1, 9]
38	7	895	8	7	[9, 1]
38	8	280	11	3	[1, 9]
38	9	645	27	17	[1, 9]
38	10	238	13	3	[27, 1]
38	11	207	5	1	[9, 1]
38	12	290	7	2	[1, 27]
38	13	315	13	4	[27, 1]
38	14	742	18	13	[1, 27]
38	15	458	20	9	[9, 1]
38	16	411	5	2	[9, 1]
38	17	14	1	0	[27, 1]
38	18	173	6	1	[1, 27]
38	19	724	17	12	[9, 1]
38	20	415	27	11	[1, 9]
38	21	629	13	8	[27, 1]
38	22	392	13	5	[27, 1]
38	23	812	24	19	[27, 1]
38	24	311	23	7	[1, 9]
38	25	29	27	1	[1, 9]
38	26	983	25	24	[27, 1]
38	27	949	27	25	[1, 9]
38	28	707	13	9	[27, 1]
38	29	541	17	9	[9, 1]
38	30	652	11	7	[1, 9]
38	31	922	10	9	[1, 9]
38	32	300	17	5	[9, 1]
38	33	921	10	9	[1, 9]
38	34	647	19	12	[1, 27]
38	35	467	11	5	[1, 9]
38	36	239	17	4	[9, 1]
38	37	967	18	17	[1, 27]
38	38	481	17	8	[9, 1]
38	39	628	13	8	[27, 1]
38	40	41	25	1	[27, 1]
38	41	711	23	16	[1, 9]
38	42	446	23	10	[1, 9]
38	43	578	23	13	[1, 9]
38	44	87	12	1	[27, 1]
38	45	231	22	5	[1, 9]
38	46	630	13	8	[27, 1]
38	47	325	22	7	[1, 9]
38	48	259	4	1	[9, 1]
38	49	201	5	1	[9, 1]
39	0	296	24	7	[27, 1]
39	1	207	5	1	[9, 1]
39	2	780	21	16	[9, 1]
39	3	679	3	2	[1, 9]
39	4	470	24	11	[27, 1]
39	5	734	7	5	[1, 27]
39	6	1007	1	1	[27, 1]
39	7	745	11	8	[1, 9]
39	8	758	27	20	[1, 9]
39	9	393	13	5	[27, 1]
39	10	335	3	1	[1, 9]
39	11	15	1	0	[27, 1]
39	12	969	19	18	[1, 27]
39	13	48	21	1	[9, 1]
39	14	43	24	1	[27, 1]
39	15	779	25	19	[27, 1]
39	16	124	25	3	[27, 1]
39	17	722	17	12	[9, 1]
39	18	16	1	0	[27, 1]
39	19	986	27	26	[1, 9]
39	20	301	17	5	[9, 1]
39	21	367	14	5	[1, 9]
39	22	666	20	13	[9, 1]
39	23	377	19	7	[1, 27]
39	24	313	23	7	[1, 9]
39	25	733	7	5	[1, 27]
39	26	997	27	26	[1, 9]
39	27	576	16	9	[9, 1]
39	28	334	25	8	[27, 1]
39	29	140	22	3	[1, 9]
39	30	518	2	1	[1, 9]
39	31	936	23	21	[1, 9]
39	32	266	27	7	[1, 9]
39	33	454	9	4	[9, 1]
39	34	75	27	2	[1, 9]
39	35	319	16	5	[9, 1]
39	36	231	22	5	[1, 9]
39	37	319	16	5	[9, 1]
39	38	691	25	17	[27, 1]
39	39	421	17	7	[9, 1]
39	40	67	15	1	[1, 9]
39	41	300	17	5	[9, 1]
39	42	488	21	10	[9, 1]
39	43	288	25	7	[27, 1]
39	44	666	20	13	[9, 1]
39	45	390	21	8	[9, 1]
39	46	613	5	3	[9, 1]
39	47	781	21	16	[9, 1]
39	48	74	14	1	[1, 9]
39	49	430	19	8	[1, 27]
40	0	184	11	2	[1, 9]
40	1	479	15	7	[1, 9]
40	2	13	1	0	[27, 1]
40	3	840	11	9	[1, 9]
40	4	578	23	13	[1, 9]
40	5	518	2	1	[1, 9]
40	6	472	13	6	[27, 1]
40	7	587	7	4	[1, 27]
40	8	574	25	14	[27, 1]
40	9	602	17	10	[9, 1]
40	10	956	15	14	[1, 9]
40	11	886	15	13	[1, 9]
40	12	583	7	4	[1, 27]
40	13	155	20	3	[9, 1]
40	14	509	2	1	[1, 9]
40	15	760	27	20	[1, 9]
40	16	177	23	4	[1, 9]
40	17	361	17	6	[9, 1]
40	18	969	19	18	[1, 27]
40	19	678	3	2	[1, 9]
40	20	805	14	11	[1, 9]
40	21	849	23	19	[1, 9]
40	22	715	10	7	[1, 9]
40	23	24	27	1	[1, 9]
40	24	22	27	1	[1, 9]
40	25	855	6	5	[1, 27]
40	26	381	27	10	[1, 9]
40	27	152	27	4	[1, 9]
40	28	907	26	23	[1, 9]
40	29	283	18	5	[1, 27]
40	30	102	10	1	[1, 9]
40	31	120	17	2	[9, 1]
40	32	483	17	8	[9, 1]
40	33	232	22	5	[1, 9]
40	34	1017	1	1	[27, 1]
40	35	883	22	19	[1, 9]
40	36	79	13	1	[27, 1]
40	37	66	16	1	[9, 1]
40	38	447	16	7	[9, 1]
40	39	699	22	15	[1, 9]
40	40	685	3	2	[1, 9]
40	41	466	11	5	[1, 9]
40	42	519	2	1	[1, 9]
40	43	835	27	22	[1, 9]
40	44	858	25	21	[27, 1]
40	45	960	16	15	[9, 1]
40	46	573	25	14	[27, 1]
40	47	186	11	2	[1, 9]
40	48	415	27	11	[1, 9]
40	49	172	6	1	[1, 27]
41	0	835	27	22	[1, 9]
41	1	350	26	9	[1, 9]
41	2	954	15	14	[1, 9]
41	3	534	23	12	[1, 9]
41	4	633	21	13	[9, 1]
41	5	678	3	2	[1, 9]
41	6	748	26	19	[1, 9]
41	7	910	9	8	[9, 1]
41	8	355	26	9	[1, 9]
41	9	559	11	6	[1, 9]
41	10	568	9	5	[9, 1]
41	11	644	27	17	[1, 9]
41	12	890	23	20	[1, 9]
41	13	672	26	17	[1, 9]
41	14	546	15	8	[1, 9]
41	15	614	5	3	[9, 1]
41	16	78	13	1	[27, 1]
41	17	533	25	13	[27, 1]
41	18	945	13	12	[27, 1]
41	19	1009	1	1	[27, 1]
41	20	447	16	7	[9, 1]
41	21	969	19	18	[1, 27]
41	22	296	24	7	[27, 1]
41	23	240	17	4	[9, 1]
41	24	306	10	3	[1, 9]
41	25	345	3	1	[1, 9]
41	26	825	26	21	[1, 9]
41	27	763	27	20	[1, 9]
41	28	237	13	3	[27, 1]
41	29	34	27	1	[1, 9]
41	30	36	27	1	[1, 9]
41	31	212	24	5	[27, 1]
41	32	684	3	2	[1, 9]
41	33	121	17	2	[9, 1]
41	34	1019	1	1	[27, 1]
41	35	609	27	16	[1, 9]
41	36	628	13	8	[27, 1]
41	37	993	27	26	[1, 9]
41	38	786	13	10	[27, 1]
41	39	876	7	6	[1, 27]
41	40	0	0	0	[0, 0]
41	41	690	25	17	[27, 1]
41	42	995	27	26	[1, 9]
41	43	373	11	4	[1, 9]
41	44	120	17	2	[9, 1]
41	45	501	27	13	[1, 9]
41	46	506	2	1	[1, 9]
41	47	187	11	2	[1, 9]
41	48	775	25	19	[27, 1]
41	49	960	16	15	[9, 1]
42	0	677	3	2	[1, 9]
42	1	953	14	13	[1, 9]
42	2	479	15	7	[1, 9]
42	3	476	15	7	[1, 9]
42	4	349	26	9	[1, 9]
42	5	634	21	13	[9, 1]
42	6	568	9	5	[9, 1]
42	7	496	27	13	[1, 9]
42	8	409	5	2	[9, 1]
42	9	572	25	14	[27, 1]
42	10	507	2	1	[1, 9]
42	11	915	19	17	[1, 27]
42	12	344	3	1	[1, 9]
42	13	502	27	13	[1, 9]
42	14	377	19	7	[1, 27]
42	15	702	19	13	[1, 27]
42	16	155	20	3	[9, 1]
42	17	62	17	1	[9, 1]
42	18	867	13	11	[27, 1]
42	19	275	26	7	[1, 9]
42	20	718	10	7	[1, 9]
42	21	459	20	9	[9, 1]
42	22	1013	1	1	[27, 1]
42	23	553	13	7	[27, 1]
42	24	235	13	3	[27, 1]
42	25	3	1	0	[27, 1]
42	26	925	21	19	[9, 1]
42	27	945	13	12	[27, 1]
42	28	521	2	1	[1, 9]
42	29	491	25	12	[27, 1]
42	30	479	15	7	[1, 9]
42	31	714	23	16	[1, 9]
42	32	307	10	3	[1, 9]
42	33	213	24	5	[27, 1]
42	34	748	26	19	[1, 9]
42	35	211	24	5	[27, 1]
42	36	681	3	2	[1, 9]
42	37	935	23	21	[1, 9]
42	38	14	1	0	[27, 1]
42	39	200	26	5	[1, 9]
42	40	384	8	3	[9, 1]
42	41	406	5	2	[9, 1]
42	42	497	27	13	[1, 9]
42	43	334	25	8	[27, 1]
42	44	397	18	7	[1, 27]
42	45	980	23	22	[1, 9]
42	46	156	13	2	[27, 1]
42	47	812	24	19	[27, 1]
42	48	1011	1	1	[27, 1]
42	49	431	19	8	[1, 27]
43	0	927	21	19	[9, 1]
43	1	792	22	17	[1, 9]
43	2	622	23	14	[1, 9]
43	3	935	23	21	[1, 9]
43	4	280	11	3	[1, 9]
43	5	933	23	21	[1, 9]
43	6	767	4	3	[9, 1]
43	7	505	2	1	[1, 9]
43	8	943	25	23	[27, 1]
43	9	238	13	3	[27, 1]
43	10	452	25	11	[27, 1]
43	11	498	27	13	[1, 9]
43	12	919	10	9	[1, 9]
43	13	807	19	15	[1, 27]
43	14	603	17	10	[9, 1]
43	15	757	23	17	[1, 9]
43	16	856	6	5	[1, 27]
43	17	593	19	11	[1, 27]
43	18	1008	1	1	[27, 1]
43	19	995	27	26	[1, 9]
43	20	665	20	13	[9, 1]
43	21	69	15	1	[1, 9]
43	22	162	19	3	[1, 27]
43	23	648	19	12	[1, 27]
43	24	283	18	5	[1, 27]
43	25	890	23	20	[1, 9]
43	26	826	26	21	[1, 9]
43	27	502	27	13	[1, 9]
43	28	674	26	17	[1, 9]
43	29	154	20	3	[9, 1]
43	30	494	27	13	[1, 9]
43	31	560	11	6	[1, 9]
43	32	85	12	1	[27, 1]
43	33	284	18	5	[1, 27]
43	34	649	19	12	[1, 27]
43	35	331	25	8	[27, 1]
43	36	752	15	11	[1, 9]
43	37	33	27	1	[1, 9]
43	38	147	7	1	[1, 27]
43	39	86	12	1	[27, 1]
43	40	961	16	15	[9, 1]
43	41	571	9	5	[9, 1]
43	42	166	25	4	[27, 1]
43	43	468	24	11	[27, 1]
43	44	313	23	7	[1, 9]
43	45	966	18	17	[1, 27]
43	46	790	22	17	[1, 9]
43	47	482	17	8	[9, 1]
43	48	900	25	22	[27, 1]
43	49	122	25	3	[27, 1]
44	0	169	6	1	[1, 27]
44	1	1020	1	1	[27, 1]
44	2	454	9	4	[9, 1]
44	3	446	23	10	[1, 9]
44	4	623	23	14	[1, 9]
44	5	736	25	18	[27, 1]
44	6	795	9	7	[9, 1]
44	7	838	11	9	[1, 9]
44	8	935	23	21	[1, 9]
44	9	203	5	1	[9, 1]
44	10	918	19	17	[1, 27]
44	11	438	7	3	[1, 27]
44	12	812	24	19	[27, 1]
44	13	155	20	3	[9, 1]
44	14	770	4	3	[9, 1]
44	15	250	25	6	[27, 1]
44	16	693	25	17	[27, 1]
44	17	869	20	17	[9, 1]
44	18	414	27	11	[1, 9]
44	19	53	19	1	[1, 27]
44	20	167	25	4	[27, 1]
44	21	294	7	2	[1, 27]
44	22	174	6	1	[1, 27]
44	23	702	19	13	[1, 27]
44	24	446	23	10	[1, 9]
44	25	98	21	2	[9, 1]
44	26	821	5	4	[9, 1]
44	27	37	27	1	[1, 9]
44	28	861	25	21	[27, 1]
44	29	386	8	3	[9, 1]
44	30	728	24	17	[27, 1]
44	31	962	17	16	[9, 1]
44	32	553	13	7	[27, 1]
44	33	747	26	19	[1, 9]
44	34	341	3	1	[1, 9]
44	35	993	27	26	[1, 9]
44	36	386	8	3	[9, 1]
44	37	238	13	3	[27, 1]
44	38	818	5	4	[9, 1]
44	39	328	25	8	[27, 1]
44	40	851	6	5	[1, 27]
44	41	842	17	14	[9, 1]
44	42	650	11	7	[1, 9]
44	43	988	27	26	[1, 9]
44	44	994	27	26	[1, 9]
44	45	617	5	3	[9, 1]
44	46	911	9	8	[9, 1]
44	47	863	19	16	[1, 27]
44	48	2	1	0	[27, 1]
44	49	753	19	14	[1, 27]
45	0	965	17	16	[9, 1]
45	1	394	13	5	[27, 1]
45	2	617	5	3	[9, 1]
45	3	801	23	18	[1, 9]
45	4	125	25	3	[27, 1]
45	5	91	23	2	[1, 9]
45	6	677	3	2	[1, 9]
45	7	245	25	6	[27, 1]
45	8	293	7	2	[1, 27]
45	9	762	27	20	[1, 9]
45	10	718	10	7	[1, 9]
45	11	715	10	7	[1, 9]
45	12	883	22	19	[1, 9]
45	13	399	18	7	[1, 27]
45	14	103	10	1	[1, 9]
45	15	493	27	13	[1, 9]
45	16	302	17	5	[9, 1]
45	17	908	26	23	[1, 9]
45	18	282	18	5	[1, 27]
45	19	118	26	3	[1, 9]
45	20	866	13	11	[27, 1]
45	21	530	27	14	[1, 9]
45	22	728	24	17	[27, 1]
45	23	526	27	14	[1, 9]
45	24	415	27	11	[1, 9]
45	25	665	20	13	[9, 1]
45	26	289	25	7	[27, 1]
45	27	839	11	9	[1, 9]
45	28	995	27	26	[1, 9]
45	29	160	19	3	[1, 27]
45	30	946	13	12	[27, 1]
45	31	560	11	6	[1, 9]
45	32	978	22	21	[1, 9]
45	33	678	3	2	[1, 9]
45	34	341	3	1	[1, 9]
45	35	901	25	22	[27, 1]
45	36	352	26	9	[1, 9]
45	37	989	27	26	[1, 9]
45	38	216	19	4	[1, 27]
45	39	175	23	4	[1, 9]
45	40	266	27	7	[1, 9]
45	41	31	27	1	[1, 9]
45	42	205	5	1	[9, 1]
45	43	831	16	13	[9, 1]
45	44	102	10	1	[1, 9]
45	45	310	23	7	[1, 9]
45	46	438	7	3	[1, 27]
45	47	474	13	6	[27, 1]
45	48	649	19	12	[1, 27]
45	49	13	1	0	[27, 1]
46	0	279	11	3	[1, 9]
46	1	527	27	14	[1, 9]
46	2	828	26	21	[1, 9]
46	3	834	27	22	[1, 9]
46	4	551	13	7	[27, 1]
46	5	515	2	1	[1, 9]
46	6	938	12	11	[27, 1]
46	7	869	20	17	[9, 1]
46	8	974	20	19	[9, 1]
46	9	422	17	7	[9, 1]
46	10	464	11	5	[1, 9]
46	11	823	5	4	[9, 1]
46	12	812	24	19	[27, 1]
46	13	229	9	2	[9, 1]
46	14	709	13	9	[27, 1]
46	15	559	11	6	[1, 9]
46	16	720	27	19	[1, 9]
46	17	160	19	3	[1, 27]
46	18	894	8	7	[9, 1]
46	19	249	25	6	[27, 1]
46	20	411	5	2	[9, 1]
46	21	734	7	5	[1, 27]
46	22	318	16	5	[9, 1]
46	23	455	9	4	[9, 1]
46	24	217	19	4	[1, 27]
46	25	855	6	5	[1, 27]
46	26	533	25	13	[27, 1]
46	27	302	17	5	[9, 1]
46	28	505	2	1	[1, 9]
46	29	362	17	6	[9, 1]
46	30	263	27	7	[1, 9]
46	31	82	25	2	[27, 1]
46	32	128	8	1	[9, 1]
46	33	115	9	1	[9, 1]
46	34	895	8	7	[9, 1]
46	35	528	27	14	[1, 9]
46	36	112	9	1	[9, 1]
46	37	768	4	3	[9, 1]
46	38	619	23	14	[1, 9]
46	39	14	1	0	[27, 1]
46	40	907	26	23	[1, 9]
46	41	688	3	2	[1, 9]
46	42	241	17	4	[9, 1]
46	43	600	17	10	[9, 1]
46	44	779	25	19	[27, 1]
46	45	622	23	14	[1, 9]
46	46	78	13	1	[27, 1]
46	47	739	18	13	[1, 27]
46	48	242	17	4	[9, 1]
46	49	178	23	4	[1, 9]
47	0	412	5	2	[9, 1]
47	1	958	16	15	[9, 1]
47	2	238	13	3	[27, 1]
47	3	802	23	18	[1, 9]
47	4	167	25	4	[27, 1]
47	5	516	2	1	[1, 9]
47	6	676	26	17	[1, 9]
47	7	435	26	11	[1, 9]
47	8	689	3	2	[1, 9]
47	9	766	4	3	[9, 1]
47	10	896	8	7	[9, 1]
47	11	589	26	15	[1, 9]
47	12	756	23	17	[1, 9]
47	13	860	25	21	[27, 1]
47	14	796	9	7	[9, 1]
47	15	260	4	1	[9, 1]
47	16	951	14	13	[1, 9]
47	17	41	25	1	[27, 1]
47	18	176	23	4	[1, 9]
47	19	916	19	17	[1, 27]
47	20	777	25	19	[27, 1]
47	21	35	27	1	[1, 9]
47	22	239	17	4	[9, 1]
47	23	710	13	9	[27, 1]
47	24	448	16	7	[9, 1]
47	25	758	27	20	[1, 9]
47	26	315	13	4	[27, 1]
47	27	712	23	16	[1, 9]
47	28	490	23	11	[1, 9]
47	29	29	27	1	[1, 9]
47	30	374	11	4	[1, 9]
47	31	406	5	2	[9, 1]
47	32	523	27	14	[1, 9]
47	33	824	26	21	[1, 9]
47	34	750	15	11	[1, 9]
47	35	549	13	7	[27, 1]
47	36	724	17	12	[9, 1]
47	37	319	16	5	[9, 1]
47	38	802	23	18	[1, 9]
47	39	674	26	17	[1, 9]
47	40	846	23	19	[1, 9]
47	41	780	21	16	[9, 1]
47	42	207	5	1	[9, 1]
47	43	901	25	22	[27, 1]
47	44	1011	1	1	[27, 1]
47	45	673	26	17	[1, 9]
47	46	898	8	7	[9, 1]
47	47	271	19	5	[1, 27]
47	48	557	11	6	[1, 9]
47	49	400	23	9	[1, 9]
48	0	625	18	11	[1, 27]
48	1	55	19	1	[1, 27]
48	2	86	12	1	[27, 1]
48	3	161	19	3	[1, 27]
48	4	231	22	5	[1, 9]
48	5	364	14	5	[1, 9]
48	6	45	23	1	[1, 9]
48	7	207	5	1	[9, 1]
48	8	1007	1	1	[27, 1]
48	9	596	12	7	[27, 1]
48	10	492	25	12	[27, 1]
48	11	149	27	4	[1, 9]
48	12	194	21	4	[9, 1]
48	13	363	17	6	[9, 1]
48	14	829	21	17	[9, 1]
48	15	837	11	9	[1, 9]
48	16	221	14	3	[1, 9]
48	17	601	17	10	[9, 1]
48	18	750	15	11	[1, 9]
48	19	96	21	2	[9, 1]
48	20	777	25	19	[27, 1]
48	21	893	23	20	[1, 9]
48	22	990	27	26	[1, 9]
48	23	639	8	5	[9, 1]
48	24	880	7	6	[1, 27]
48	25	491	25	12	[27, 1]
48	26	71	14	1	[1, 9]
48	27	844	17	14	[9, 1]
48	28	523	27	14	[1, 9]
48	29	671	26	17	[1, 9]
48	30	1010	1	1	[27, 1]
48	31	854	6	5	[1, 27]
48	32	377	19	7	[1, 27]
48	33	139	22	3	[1, 9]
48	34	152	27	4	[1, 9]
48	35	571	9	5	[9, 1]
48	36	42	24	1	[27, 1]
48	37	182	17	3	[9, 1]
48	38	698	22	15	[1, 9]
48	39	402	23	9	[1, 9]
48	40	362	17	6	[9, 1]
48	41	69	15	1	[1, 9]
48	42	221	14	3	[1, 9]
48	43	480	17	8	[9, 1]
48	44	1023	1	1	[27, 1]
48	45	136	15	2	[1, 9]
48	46	921	10	9	[1, 9]
48	47	107	19	2	[1, 27]
48	48	128	8	1	[9, 1]
48	49	1004	27	26	[1, 9]
49	0	445	23	10	[1, 9]
49	1	789	13	10	[27, 1]
49	2	278	11	3	[1, 9]
49	3	789	13	10	[27, 1]
49	4	590	26	15	[1, 9]
49	5	888	15	13	[1, 9]
49	6	912	9	8	[9, 1]
49	7	665	20	13	[9, 1]
49	8	705	16	11	[9, 1]
49	9	861	25	21	[27, 1]
49	10	254	4	1	[9, 1]
49	11	116	26	3	[1, 9]
49	12	982	24	23	[27, 1]
49	13	1006	1	1	[27, 1]
49	14	729	7	5	[1, 27]
49	15	51	20	1	[9, 1]
49	16	675	26	17	[1, 9]
49	17	925	21	19	[9, 1]
49	18	277	26	7	[1, 9]
49	19	654	25	16	[27, 1]
49	20	53	19	1	[1, 27]
49	21	683	3	2	[1, 9]
49	22	436	26	11	[1, 9]
49	23	397	18	7	[1, 27]
49	24	833	16	13	[9, 1]
49	25	938	12	11	[27, 1]
49	26	112	9	1	[9, 1]
49	27	710	13	9	[27, 1]
49	28	766	4	3	[9, 1]
49	29	192	16	3	[9, 1]
49	30	293	7	2	[1, 27]
49	31	598	12	7	[27, 1]
49	32	1001	27	26	[1, 9]
49	33	877	7	6	[1, 27]
49	34	215	19	4	[1, 27]
49	35	182	17	3	[9, 1]
49	36	939	12	11	[27, 1]
49	37	38	27	1	[1, 9]
49	38	1011	1	1	[27, 1]
49	39	406	5	2	[9, 1]
49	40	924	10	9	[1, 9]
49	41	446	23	10	[1, 9]
49	42	572	25	14	[27, 1]
49	43	393	13	5	[27, 1]
49	44	14	1	0	[27, 1]
49	45	768	4	3	[9, 1]
49	46	445	23	10	[1, 9]
49	47	309	10	3	[1, 9]
49	48	764	4	3	[9, 1]
49	49	173	6	1	[1, 27]
50	0	488	21	10	[9, 1]
50	1	773	4	3	[9, 1]
50	2	313	23	7	[1, 9]
50	3	929	11	10	[1, 9]
50	4	451	25	11	[27, 1]
50	5	737	25	18	[27, 1]
50	6	319	16	5	[9, 1]
50	7	238	13	3	[27, 1]
50	8	497	27	13	[1, 9]
50	9	1012	1	1	[27, 1]
50	10	879	7	6	[1, 27]
50	11	151	27	4	[1, 9]
50	12	87	12	1	[27, 1]
50	13	144	7	1	[1, 27]
50	14	381	27	10	[1, 9]
50	15	940	12	11	[27, 1]
50	16	498	27	13	[1, 9]
50	17	57	18	1	[1, 27]
50	18	370	25	9	[27, 1]
50	19	612	5	3	[9, 1]
50	20	716	10	7	[1, 9]
50	21	183	17	3	[9, 1]
50	22	230	9	2	[9, 1]
50	23	253	4	1	[9, 1]
50	24	412	5	2	[9, 1]
50	25	442	7	3	[1, 27]
50	26	575	16	9	[9, 1]
50	27	589	26	15	[1, 9]
50	28	332	25	8	[27, 1]
50	29	938	12	11	[27, 1]
50	30	641	8	5	[9, 1]
50	31	913	9	8	[9, 1]
50	32	394	13	5	[27, 1]
50	33	325	22	7	[1, 9]
50	34	38	27	1	[1, 9]
50	35	819	5	4	[9, 1]
50	36	650	11	7	[1, 9]
50	37	259	4	1	[9, 1]
50	38	467	11	5	[1, 9]
50	39	284	18	5	[1, 27]
50	40	463	20	9	[9, 1]
50	41	498	27	13	[1, 9]
50	42	211	24	5	[27, 1]
50	43	992	27	26	[1, 9]
50	44	308	10	3	[1, 9]
50	45	219	14	3	[1, 9]
50	46	359	20	7	[9, 1]
50	47	572	25	14	[27, 1]
50	48	265	27	7	[1, 9]
50	49	144	7	1	[1, 27]
51	0	658	14	9	[1, 9]
51	1	517	2	1	[1, 9]
51	2	918	19	17	[1, 27]
51	3	759	27	20	[1, 9]
51	4	286	25	7	[27, 1]
51	5	155	20	3	[9, 1]
51	6	269	19	5	[1, 27]
51	7	758	27	20	[1, 9]
51	8	708	13	9	[27, 1]
51	9	27	27	1	[1, 9]
51	10	394	13	5	[27, 1]
51	11	1006	1	1	[27, 1]
51	12	412	5	2	[9, 1]
51	13	99	21	2	[9, 1]
51	14	246	25	6	[27, 1]
51	15	39	26	1	[1, 9]
51	16	913	9	8	[9, 1]
51	17	730	7	5	[1, 27]
51	18	615	5	3	[9, 1]
51	19	13	1	0	[27, 1]
51	20	360	17	6	[9, 1]
51	21	258	4	1	[9, 1]
51	22	463	20	9	[9, 1]
51	23	99	21	2	[9, 1]
51	24	544	17	9	[9, 1]
51	25	960	16	15	[9, 1]
51	26	941	25	23	[27, 1]
51	27	384	8	3	[9, 1]
51	28	107	19	2	[1, 27]
51	29	721	27	19	[1, 9]
51	30	775	25	19	[27, 1]
51	31	110	19	2	[1, 27]
51	32	831	16	13	[9, 1]
51	33	781	21	16	[9, 1]
51	34	1011	1	1	[27, 1]
51	35	381	27	10	[1, 9]
51	36	273	15	4	[1, 9]
51	37	629	13	8	[27, 1]
51	38	77	27	2	[1, 9]
51	39	671	26	17	[1, 9]
51	40	5	1	0	[27, 1]
51	41	871	20	17	[9, 1]
51	42	744	11	8	[1, 9]
51	43	145	7	1	[1, 27]
51	44	734	7	5	[1, 27]
51	45	738	25	18	[27, 1]
51	46	976	21	20	[9, 1]
51	47	187	11	2	[1, 9]
51	48	689	3	2	[1, 9]
51	49	174	6	1	[1, 27]
52	0	509	2	1	[1, 9]
52	1	411	5	2	[9, 1]
52	2	690	25	17	[27, 1]
52	3	868	13	11	[27, 1]
52	4	542	17	9	[9, 1]
52	5	859	25	21	[27, 1]
52	6	320	16	5	[9, 1]
52	7	473	13	6	[27, 1]
52	8	325	22	7	[1, 9]
52	9	834	27	22	[1, 9]
52	10	751	15	11	[1, 9]
52	11	970	19	18	[1, 27]
52	12	507	2	1	[1, 9]
52	13	365	14	5	[1, 9]
52	14	164	25	4	[27, 1]
52	15	773	4	3	[9, 1]
52	16	760	27	20	[1, 9]
52	17	552	13	7	[27, 1]
52	18	247	25	6	[27, 1]
52	19	809	19	15	[1, 27]
52	20	576	16	9	[9, 1]
52	21	282	18	5	[1, 27]
52	22	644	27	17	[1, 9]
52	23	819	5	4	[9, 1]
52	24	12	1	0	[27, 1]
52	25	798	9	7	[9, 1]
52	26	478	15	7	[1, 9]
52	27	971	19	18	[1, 27]
52	28	991	27	26	[1, 9]
52	29	833	16	13	[9, 1]
52	30	714	23	16	[1, 9]
52	31	105	10	1	[1, 9]
52	32	989	27	26	[1, 9]
52	33	984	26	25	[1, 9]
52	34	185	11	2	[1, 9]
52	35	563	20	11	[9, 1]
52	36	80	13	1	[27, 1]
52	37	216	19	4	[1, 27]
52	38	397	18	7	[1, 27]
52	39	869	20	17	[9, 1]
52	40	205	5	1	[9, 1]
52	41	420	22	9	[1, 9]
52	42	525	27	14	[1, 9]
52	43	209	5	1	[9, 1]
52	44	729	7	5	[1, 27]
52	45	595	19	11	[1, 27]
52	46	518	2	1	[1, 9]
52	47	238	13	3	[27, 1]
52	48	296	24	7	[27, 1]
52	49	210	24	5	[27, 1]
53	0	787	13	10	[27, 1]
53	1	869	20	17	[9, 1]
53	2	963	17	16	[9, 1]
53	3	213	24	5	[27, 1]
53	4	956	15	14	[1, 9]
53	5	162	19	3	[1, 27]
53	6	123	25	3	[27, 1]
53	7	436	26	11	[1, 9]
53	8	896	8	7	[9, 1]
53	9	61	17	1	[9, 1]
53	10	575	16	9	[9, 1]
53	11	754	19	14	[1, 27]
53	12	448	16	7	[9, 1]
53	13	507	2	1	[1, 9]
53	14	743	11	8	[1, 9]
53	15	414	27	11	[1, 9]
53	16	728	24	17	[27, 1]
53	17	815	5	4	[9, 1]
53	18	299	24	7	[27, 1]
53	19	112	9	1	[9, 1]
53	20	792	22	17	[1, 9]
53	21	726	24	17	[27, 1]
53	22	856	6	5	[1, 27]
53	23	109	19	2	[1, 27]
53	24	1007	1	1	[27, 1]
53	25	308	10	3	[1, 9]
53	26	126	8	1	[9, 1]
53	27	911	9	8	[9, 1]
53	28	870	20	17	[9, 1]
53	29	127	8	1	[9, 1]
53	30	219	14	3	[1, 9]
53	31	71	14	1	[1, 9]
53	32	611	5	3	[9, 1]
53	33	188	27	5	[1, 9]
53	34	742	18	13	[1, 27]
53	35	192	16	3	[9, 1]
53	36	913	9	8	[9, 1]
53	37	564	20	11	[9, 1]
53	38	718	10	7	[1, 9]
53	39	588	26	15	[1, 9]
53	40	99	21	2	[9, 1]
53	41	623	23	14	[1, 9]
53	42	470	24	11	[27, 1]
53	43	830	21	17	[9, 1]
53	44	378	19	7	[1, 27]
53	45	71	14	1	[1, 9]
53	46	947	27	25	[1, 9]
53	47	393	13	5	[27, 1]
53	48	626	18	11	[1, 27]
53	49	282	18	5	[1, 27]
54	0	966	18	17	[1, 27]
54	1	575	16	9	[9, 1]
54	2	64	16	1	[9, 1]
54	3	1003	27	26	[1, 9]
54	4	604	22	13	[1, 9]
54	5	377	19	7	[1, 27]
54	6	509	2	1	[1, 9]
54	7	828	26	21	[1, 9]
54	8	904	17	15	[9, 1]
54	9	679	3	2	[1, 9]
54	10	1007	1	1	[27, 1]
54	11	299	24	7	[27, 1]
54	12	184	11	2	[1, 9]
54	13	328	25	8	[27, 1]
54	14	172	6	1	[1, 27]
54	15	91	23	2	[1, 9]
54	16	505	2	1	[1, 9]
54	17	952	14	13	[1, 9]
54	18	609	27	16	[1, 9]
54	19	658	14	9	[1, 9]
54	20	232	22	5	[1, 9]
54	21	584	7	4	[1, 27]
54	22	592	19	11	[1, 27]
54	23	607	27	16	[1, 9]
54	24	298	24	7	[27, 1]
54	25	742	18	13	[1, 27]
54	26	147	7	1	[1, 27]
54	27	737	25	18	[27, 1]
54	28	641	8	5	[9, 1]
54	29	595	19	11	[1, 27]
54	30	192	16	3	[9, 1]
54	31	857	25	21	[27, 1]
54	32	730	7	5	[1, 27]
54	33	147	7	1	[1, 27]
54	34	227	9	2	[9, 1]
54	35	127	8	1	[9, 1]
54	36	449	16	7	[9, 1]
54	37	206	5	1	[9, 1]
54	38	222	23	5	[1, 9]
54	39	737	25	18	[27, 1]
54	40	585	7	4	[1, 27]
54	41	250	25	6	[27, 1]
54	42	412	5	2	[9, 1]
54	43	685	3	2	[1, 9]
54	44	336	3	1	[1, 9]
54	45	86	12	1	[27, 1]
54	46	209	5	1	[9, 1]
54	47	121	17	2	[9, 1]
54	48	839	11	9	[1, 9]
54	49	241	17	4	[9, 1]
FINAL DATA:  [[0, 32], [1, 25], [2, 14], [3, 8], [4, 6], [5, 1], [6, 6], [7, 1], [8, 2], [9, 2], [10, 4], [11, 0], [12, 0], [13, 1], [14, 1], [15, 2], [16, 0], [17, 1], [18, 1], [19, 0], [20, 0], [21, 0], [22, 1], [23, 1], [24, 0], [25, 1], [26, 0], [27, 1], [28, 1], [29, 0], [30, 1], [31, 0], [32, 0], [33, 0], [34, 1], [35, 0], [36, 0], [37, 1], [38, 0], [39, 0], [40, 0], [41, 0], [42, 0], [43, 0], [44, 1], [45, 1], [46, 0], [47, 0], [48, 1], [49, 1], [50, 0], [51, 0], [52, 0], [53, 0], [54, 0]]