case	rep	j	r	k	guesses
	0	0	512	2	1	[1, 9]
	0	1	171	6	1	[1, 27]
	0	2	512	2	1	[1, 9]
	0	3	683	3	2	[1, 9]
	0	4	512	2	1	[1, 9]
	0	5	171	6	1	[1, 27]
	0	6	341	3	1	[1, 9]
	0	7	853	6	5	[1, 27]
	0	8	0	0	0	[0, 0]
	0	9	170	6	1	[1, 27]
	0	10	171	6	1	[1, 27]
	0	11	683	3	2	[1, 9]
	0	12	683	3	2	[1, 9]
	0	13	512	2	1	[1, 9]
	0	14	683	3	2	[1, 9]
	0	15	171	6	1	[1, 27]
	0	16	341	3	1	[1, 9]
	0	17	853	6	5	[1, 27]
	0	18	512	2	1	[1, 9]
	0	19	0	0	0	[0, 0]
	0	20	341	3	1	[1, 9]
	0	21	512	2	1	[1, 9]
	0	22	342	3	1	[1, 9]
	0	23	853	6	5	[1, 27]
	0	24	512	2	1	[1, 9]
	0	25	853	6	5	[1, 27]
	0	26	171	6	1	[1, 27]
	0	27	512	2	1	[1, 9]
	0	28	858	25	21	[27, 1]
	0	29	342	3	1	[1, 9]
	0	30	169	6	1	[1, 27]
	0	31	854	6	5	[1, 27]
	0	32	512	2	1	[1, 9]
	0	33	172	6	1	[1, 27]
	0	34	854	6	5	[1, 27]
	0	35	683	3	2	[1, 9]
	0	36	512	2	1	[1, 9]
	0	37	512	2	1	[1, 9]
	0	38	512	2	1	[1, 9]
	0	39	853	6	5	[1, 27]
	0	40	171	6	1	[1, 27]
	0	41	171	6	1	[1, 27]
	0	42	512	2	1	[1, 9]
	0	43	0	0	0	[0, 0]
	0	44	680	3	2	[1, 9]
	0	45	854	6	5	[1, 27]
	0	46	341	3	1	[1, 9]
	0	47	853	6	5	[1, 27]
	0	48	683	3	2	[1, 9]
	0	49	341	3	1	[1, 9]
	1	0	698	22	15	[1, 9]
	1	1	683	3	2	[1, 9]
	1	2	187	11	2	[1, 9]
	1	3	339	3	1	[1, 9]
	1	4	43	24	1	[27, 1]
	1	5	384	8	3	[9, 1]
	1	6	683	3	2	[1, 9]
	1	7	640	8	5	[9, 1]
	1	8	715	10	7	[1, 9]
	1	9	576	16	9	[9, 1]
	1	10	340	3	1	[1, 9]
	1	11	341	3	1	[1, 9]
	1	12	682	3	2	[1, 9]
	1	13	384	8	3	[9, 1]
	1	14	888	15	13	[1, 9]
	1	15	343	3	1	[1, 9]
	1	16	866	13	11	[27, 1]
	1	17	171	6	1	[1, 27]
	1	18	594	19	11	[1, 27]
	1	19	0	0	0	[0, 0]
	1	20	428	12	5	[27, 1]
	1	21	515	2	1	[1, 9]
	1	22	845	23	19	[1, 9]
	1	23	293	7	2	[1, 27]
	1	24	800	23	18	[1, 9]
	1	25	404	23	9	[1, 9]
	1	26	857	25	21	[27, 1]
	1	27	512	2	1	[1, 9]
	1	28	691	25	17	[27, 1]
	1	29	256	4	1	[9, 1]
	1	30	166	25	4	[27, 1]
	1	31	343	3	1	[1, 9]
	1	32	405	23	9	[1, 9]
	1	33	810	24	19	[27, 1]
	1	34	213	24	5	[27, 1]
	1	35	342	3	1	[1, 9]
	1	36	938	12	11	[27, 1]
	1	37	683	3	2	[1, 9]
	1	38	854	6	5	[1, 27]
	1	39	837	11	9	[1, 9]
	1	40	768	4	3	[9, 1]
	1	41	0	0	0	[0, 0]
	1	42	705	16	11	[9, 1]
	1	43	154	20	3	[9, 1]
	1	44	512	2	1	[1, 9]
	1	45	856	6	5	[1, 27]
	1	46	406	5	2	[9, 1]
	1	47	170	6	1	[1, 27]
	1	48	192	16	3	[9, 1]
	1	49	597	12	7	[27, 1]
	2	0	849	23	19	[1, 9]
	2	1	619	23	14	[1, 9]
	2	2	838	11	9	[1, 9]
	2	3	0	0	0	[0, 0]
	2	4	473	13	6	[27, 1]
	2	5	960	16	15	[9, 1]
	2	6	341	3	1	[1, 9]
	2	7	764	4	3	[9, 1]
	2	8	512	2	1	[1, 9]
	2	9	2	1	0	[27, 1]
	2	10	576	16	9	[9, 1]
	2	11	683	3	2	[1, 9]
	2	12	169	6	1	[1, 27]
	2	13	512	2	1	[1, 9]
	2	14	850	6	5	[1, 27]
	2	15	0	0	0	[0, 0]
	2	16	683	3	2	[1, 9]
	2	17	174	6	1	[1, 27]
	2	18	851	6	5	[1, 27]
	2	19	180	17	3	[9, 1]
	2	20	464	11	5	[1, 9]
	2	21	512	2	1	[1, 9]
	2	22	349	26	9	[1, 9]
	2	23	682	3	2	[1, 9]
	2	24	480	17	8	[9, 1]
	2	25	939	12	11	[27, 1]
	2	26	339	3	1	[1, 9]
	2	27	405	23	9	[1, 9]
	2	28	854	6	5	[1, 27]
	2	29	1008	1	1	[27, 1]
	2	30	931	11	10	[1, 9]
	2	31	341	3	1	[1, 9]
	2	32	139	22	3	[1, 9]
	2	33	950	14	13	[1, 9]
	2	34	512	2	1	[1, 9]
	2	35	496	27	13	[1, 9]
	2	36	875	27	23	[1, 9]
	2	37	576	16	9	[9, 1]
	2	38	790	22	17	[1, 9]
	2	39	512	2	1	[1, 9]
	2	40	679	3	2	[1, 9]
	2	41	821	5	4	[9, 1]
	2	42	203	5	1	[9, 1]
	2	43	510	2	1	[1, 9]
	2	44	8	1	0	[27, 1]
	2	45	512	2	1	[1, 9]
	2	46	512	2	1	[1, 9]
	2	47	682	3	2	[1, 9]
	2	48	668	23	15	[1, 9]
	2	49	552	13	7	[27, 1]
	3	0	923	10	9	[1, 9]
	3	1	84	12	1	[27, 1]
	3	2	256	4	1	[9, 1]
	3	3	683	3	2	[1, 9]
	3	4	618	5	3	[9, 1]
	3	5	1009	1	1	[27, 1]
	3	6	682	3	2	[1, 9]
	3	7	592	19	11	[1, 27]
	3	8	719	27	19	[1, 9]
	3	9	1023	1	1	[27, 1]
	3	10	4	1	0	[27, 1]
	3	11	341	3	1	[1, 9]
	3	12	685	3	2	[1, 9]
	3	13	342	3	1	[1, 9]
	3	14	512	2	1	[1, 9]
	3	15	384	8	3	[9, 1]
	3	16	1022	1	1	[27, 1]
	3	17	147	7	1	[1, 27]
	3	18	128	8	1	[9, 1]
	3	19	918	19	17	[1, 27]
	3	20	373	11	4	[1, 9]
	3	21	915	19	17	[1, 27]
	3	22	179	23	4	[1, 9]
	3	23	667	23	15	[1, 9]
	3	24	534	23	12	[1, 9]
	3	25	555	24	13	[27, 1]
	3	26	850	6	5	[1, 27]
	3	27	45	23	1	[1, 9]
	3	28	171	6	1	[1, 27]
	3	29	645	27	17	[1, 9]
	3	30	248	25	6	[27, 1]
	3	31	337	3	1	[1, 9]
	3	32	480	17	8	[9, 1]
	3	33	256	4	1	[9, 1]
	3	34	896	8	7	[9, 1]
	3	35	528	27	14	[1, 9]
	3	36	320	16	5	[9, 1]
	3	37	665	20	13	[9, 1]
	3	38	602	17	10	[9, 1]
	3	39	339	3	1	[1, 9]
	3	40	513	2	1	[1, 9]
	3	41	934	23	21	[1, 9]
	3	42	89	23	2	[1, 9]
	3	43	1016	1	1	[27, 1]
	3	44	853	6	5	[1, 27]
	3	45	861	25	21	[27, 1]
	3	46	896	8	7	[9, 1]
	3	47	881	7	6	[1, 27]
	3	48	841	17	14	[9, 1]
	3	49	617	5	3	[9, 1]
	4	0	352	26	9	[1, 9]
	4	1	132	23	3	[1, 9]
	4	2	514	2	1	[1, 9]
	4	3	689	3	2	[1, 9]
	4	4	122	25	3	[27, 1]
	4	5	164	25	4	[27, 1]
	4	6	162	19	3	[1, 27]
	4	7	333	25	8	[27, 1]
	4	8	748	26	19	[1, 9]
	4	9	857	25	21	[27, 1]
	4	10	215	19	4	[1, 27]
	4	11	848	23	19	[1, 9]
	4	12	939	12	11	[27, 1]
	4	13	640	8	5	[9, 1]
	4	14	82	25	2	[27, 1]
	4	15	32	27	1	[1, 9]
	4	16	394	13	5	[27, 1]
	4	17	171	6	1	[1, 27]
	4	18	52	20	1	[9, 1]
	4	19	101	10	1	[1, 9]
	4	20	81	25	2	[27, 1]
	4	21	518	2	1	[1, 9]
	4	22	285	18	5	[1, 27]
	4	23	984	26	25	[1, 9]
	4	24	56	18	1	[1, 27]
	4	25	107	19	2	[1, 27]
	4	26	436	26	11	[1, 9]
	4	27	516	2	1	[1, 9]
	4	28	472	13	6	[27, 1]
	4	29	586	7	4	[1, 27]
	4	30	216	19	4	[1, 27]
	4	31	107	19	2	[1, 27]
	4	32	853	6	5	[1, 27]
	4	33	154	20	3	[9, 1]
	4	34	640	8	5	[9, 1]
	4	35	154	20	3	[9, 1]
	4	36	354	26	9	[1, 9]
	4	37	250	25	6	[27, 1]
	4	38	80	13	1	[27, 1]
	4	39	59	17	1	[9, 1]
	4	40	614	5	3	[9, 1]
	4	41	1016	1	1	[27, 1]
	4	42	853	6	5	[1, 27]
	4	43	902	25	22	[27, 1]
	4	44	16	1	0	[27, 1]
	4	45	257	4	1	[9, 1]
	4	46	235	13	3	[27, 1]
	4	47	425	12	5	[27, 1]
	4	48	725	24	17	[27, 1]
	4	49	765	4	3	[9, 1]
	5	0	636	21	13	[9, 1]
	5	1	549	13	7	[27, 1]
	5	2	1021	1	1	[27, 1]
	5	3	309	10	3	[1, 9]
	5	4	480	17	8	[9, 1]
	5	5	725	24	17	[27, 1]
	5	6	948	27	25	[1, 9]
	5	7	2	1	0	[27, 1]
	5	8	295	7	2	[1, 27]
	5	9	250	25	6	[27, 1]
	5	10	116	26	3	[1, 9]
	5	11	1012	1	1	[27, 1]
	5	12	235	13	3	[27, 1]
	5	13	306	10	3	[1, 9]
	5	14	810	24	19	[27, 1]
	5	15	768	4	3	[9, 1]
	5	16	172	6	1	[1, 27]
	5	17	16	1	0	[27, 1]
	5	18	931	11	10	[1, 9]
	5	19	0	0	0	[0, 0]
	5	20	640	8	5	[9, 1]
	5	21	301	17	5	[9, 1]
	5	22	171	6	1	[1, 27]
	5	23	408	5	2	[9, 1]
	5	24	683	3	2	[1, 9]
	5	25	820	5	4	[9, 1]
	5	26	66	16	1	[9, 1]
	5	27	481	17	8	[9, 1]
	5	28	83	25	2	[27, 1]
	5	29	93	11	1	[1, 9]
	5	30	640	8	5	[9, 1]
	5	31	8	1	0	[27, 1]
	5	32	909	9	8	[9, 1]
	5	33	8	1	0	[27, 1]
	5	34	1012	1	1	[27, 1]
	5	35	739	18	13	[1, 27]
	5	36	465	11	5	[1, 9]
	5	37	725	24	17	[27, 1]
	5	38	577	16	9	[9, 1]
	5	39	715	10	7	[1, 9]
	5	40	784	17	13	[9, 1]
	5	41	626	18	11	[1, 27]
	5	42	0	0	0	[0, 0]
	5	43	470	24	11	[27, 1]
	5	44	427	12	5	[27, 1]
	5	45	524	27	14	[1, 9]
	5	46	64	16	1	[9, 1]
	5	47	167	25	4	[27, 1]
	5	48	732	7	5	[1, 27]
	5	49	798	9	7	[9, 1]
	6	0	139	22	3	[1, 9]
	6	1	921	10	9	[1, 9]
	6	2	853	6	5	[1, 27]
	6	3	267	23	6	[1, 9]
	6	4	231	22	5	[1, 9]
	6	5	93	11	1	[1, 9]
	6	6	690	25	17	[27, 1]
	6	7	963	17	16	[9, 1]
	6	8	275	26	7	[1, 9]
	6	9	632	13	8	[27, 1]
	6	10	350	26	9	[1, 9]
	6	11	650	11	7	[1, 9]
	6	12	8	1	0	[27, 1]
	6	13	478	15	7	[1, 9]
	6	14	318	16	5	[9, 1]
	6	15	152	27	4	[1, 9]
	6	16	371	11	4	[1, 9]
	6	17	682	3	2	[1, 9]
	6	18	681	3	2	[1, 9]
	6	19	976	21	20	[9, 1]
	6	20	770	4	3	[9, 1]
	6	21	848	23	19	[1, 9]
	6	22	1022	1	1	[27, 1]
	6	23	83	25	2	[27, 1]
	6	24	350	26	9	[1, 9]
	6	25	171	6	1	[1, 27]
	6	26	329	25	8	[27, 1]
	6	27	999	27	26	[1, 9]
	6	28	939	12	11	[27, 1]
	6	29	747	26	19	[1, 9]
	6	30	705	16	11	[9, 1]
	6	31	723	17	12	[9, 1]
	6	32	949	27	25	[1, 9]
	6	33	438	7	3	[1, 27]
	6	34	869	20	17	[9, 1]
	6	35	341	3	1	[1, 9]
	6	36	511	2	1	[1, 9]
	6	37	318	16	5	[9, 1]
	6	38	173	6	1	[1, 27]
	6	39	847	23	19	[1, 9]
	6	40	919	10	9	[1, 9]
	6	41	396	13	5	[27, 1]
	6	42	90	23	2	[1, 9]
	6	43	161	19	3	[1, 27]
	6	44	821	5	4	[9, 1]
	6	45	61	17	1	[9, 1]
	6	46	784	17	13	[9, 1]
	6	47	639	8	5	[9, 1]
	6	48	17	1	0	[27, 1]
	6	49	417	27	11	[1, 9]
	7	0	0	0	0	[0, 0]
	7	1	27	27	1	[1, 9]
	7	2	974	20	19	[9, 1]
	7	3	856	6	5	[1, 27]
	7	4	635	21	13	[9, 1]
	7	5	601	17	10	[9, 1]
	7	6	941	25	23	[27, 1]
	7	7	170	6	1	[1, 27]
	7	8	290	7	2	[1, 27]
	7	9	812	24	19	[27, 1]
	7	10	693	25	17	[27, 1]
	7	11	179	23	4	[1, 9]
	7	12	512	2	1	[1, 9]
	7	13	952	14	13	[1, 9]
	7	14	448	16	7	[9, 1]
	7	15	342	3	1	[1, 9]
	7	16	910	9	8	[9, 1]
	7	17	767	4	3	[9, 1]
	7	18	693	25	17	[27, 1]
	7	19	459	20	9	[9, 1]
	7	20	223	23	5	[1, 9]
	7	21	539	19	10	[1, 27]
	7	22	695	25	17	[27, 1]
	7	23	375	19	7	[1, 27]
	7	24	784	17	13	[9, 1]
	7	25	909	9	8	[9, 1]
	7	26	179	23	4	[1, 9]
	7	27	620	23	14	[1, 9]
	7	28	536	21	11	[9, 1]
	7	29	520	2	1	[1, 9]
	7	30	621	23	14	[1, 9]
	7	31	202	5	1	[9, 1]
	7	32	550	13	7	[27, 1]
	7	33	479	15	7	[1, 9]
	7	34	448	16	7	[9, 1]
	7	35	484	19	9	[1, 27]
	7	36	560	11	6	[1, 9]
	7	37	739	18	13	[1, 27]
	7	38	77	27	2	[1, 9]
	7	39	220	14	3	[1, 9]
	7	40	386	8	3	[9, 1]
	7	41	174	6	1	[1, 27]
	7	42	773	4	3	[9, 1]
	7	43	315	13	4	[27, 1]
	7	44	695	25	17	[27, 1]
	7	45	168	6	1	[1, 27]
	7	46	231	22	5	[1, 9]
	7	47	510	2	1	[1, 9]
	7	48	408	5	2	[9, 1]
	7	49	877	7	6	[1, 27]
	8	0	940	12	11	[27, 1]
	8	1	626	18	11	[1, 27]
	8	2	799	23	18	[1, 9]
	8	3	246	25	6	[27, 1]
	8	4	478	15	7	[1, 9]
	8	5	108	19	2	[1, 27]
	8	6	764	4	3	[9, 1]
	8	7	921	10	9	[1, 9]
	8	8	75	27	2	[1, 9]
	8	9	37	27	1	[1, 9]
	8	10	9	1	0	[27, 1]
	8	11	826	26	21	[1, 9]
	8	12	71	14	1	[1, 9]
	8	13	405	23	9	[1, 9]
	8	14	127	8	1	[9, 1]
	8	15	235	13	3	[27, 1]
	8	16	739	18	13	[1, 27]
	8	17	993	27	26	[1, 9]
	8	18	691	25	17	[27, 1]
	8	19	819	5	4	[9, 1]
	8	20	832	16	13	[9, 1]
	8	21	875	27	23	[1, 9]
	8	22	204	5	1	[9, 1]
	8	23	157	13	2	[27, 1]
	8	24	149	27	4	[1, 9]
	8	25	612	5	3	[9, 1]
	8	26	412	5	2	[9, 1]
	8	27	156	13	2	[27, 1]
	8	28	307	10	3	[1, 9]
	8	29	613	5	3	[9, 1]
	8	30	196	26	5	[1, 9]
	8	31	1023	1	1	[27, 1]
	8	32	721	27	19	[1, 9]
	8	33	500	27	13	[1, 9]
	8	34	952	14	13	[1, 9]
	8	35	282	18	5	[1, 27]
	8	36	700	19	13	[1, 27]
	8	37	828	26	21	[1, 9]
	8	38	575	16	9	[9, 1]
	8	39	201	5	1	[9, 1]
	8	40	78	13	1	[27, 1]
	8	41	338	3	1	[1, 9]
	8	42	458	20	9	[9, 1]
	8	43	691	25	17	[27, 1]
	8	44	787	13	10	[27, 1]
	8	45	1012	1	1	[27, 1]
	8	46	959	16	15	[9, 1]
	8	47	843	17	14	[9, 1]
	8	48	541	17	9	[9, 1]
	8	49	710	13	9	[27, 1]
	9	0	989	27	26	[1, 9]
	9	1	860	25	21	[27, 1]
	9	2	396	13	5	[27, 1]
	9	3	923	10	9	[1, 9]
	9	4	636	21	13	[9, 1]
	9	5	1018	1	1	[27, 1]
	9	6	713	23	16	[1, 9]
	9	7	414	27	11	[1, 9]
	9	8	175	23	4	[1, 9]
	9	9	3	1	0	[27, 1]
	9	10	758	27	20	[1, 9]
	9	11	937	12	11	[27, 1]
	9	12	623	23	14	[1, 9]
	9	13	436	26	11	[1, 9]
	9	14	382	8	3	[9, 1]
	9	15	615	5	3	[9, 1]
	9	16	409	5	2	[9, 1]
	9	17	886	15	13	[1, 9]
	9	18	339	3	1	[1, 9]
	9	19	927	21	19	[9, 1]
	9	20	930	11	10	[1, 9]
	9	21	459	20	9	[9, 1]
	9	22	946	13	12	[27, 1]
	9	23	883	22	19	[1, 9]
	9	24	45	23	1	[1, 9]
	9	25	143	7	1	[1, 27]
	9	26	233	22	5	[1, 9]
	9	27	229	9	2	[9, 1]
	9	28	610	27	16	[1, 9]
	9	29	786	13	10	[27, 1]
	9	30	6	1	0	[27, 1]
	9	31	416	27	11	[1, 9]
	9	32	173	6	1	[1, 27]
	9	33	461	20	9	[9, 1]
	9	34	471	13	6	[27, 1]
	9	35	759	27	20	[1, 9]
	9	36	648	19	12	[1, 27]
	9	37	580	23	13	[1, 9]
	9	38	679	3	2	[1, 9]
	9	39	103	10	1	[1, 9]
	9	40	397	18	7	[1, 27]
	9	41	256	4	1	[9, 1]
	9	42	425	12	5	[27, 1]
	9	43	250	25	6	[27, 1]
	9	44	137	15	2	[1, 9]
	9	45	864	19	16	[1, 27]
	9	46	129	8	1	[9, 1]
	9	47	92	11	1	[1, 9]
	9	48	823	5	4	[9, 1]
	9	49	224	23	5	[1, 9]
	10	0	107	19	2	[1, 27]
	10	1	306	10	3	[1, 9]
	10	2	51	20	1	[9, 1]
	10	3	65	16	1	[9, 1]
	10	4	506	2	1	[1, 9]
	10	5	307	10	3	[1, 9]
	10	6	497	27	13	[1, 9]
	10	7	155	20	3	[9, 1]
	10	8	582	7	4	[1, 27]
	10	9	911	9	8	[9, 1]
	10	10	282	18	5	[1, 27]
	10	11	252	4	1	[9, 1]
	10	12	464	11	5	[1, 9]
	10	13	577	16	9	[9, 1]
	10	14	251	4	1	[9, 1]
	10	15	246	25	6	[27, 1]
	10	16	569	9	5	[9, 1]
	10	17	663	17	11	[9, 1]
	10	18	883	22	19	[1, 9]
	10	19	713	23	16	[1, 9]
	10	20	107	19	2	[1, 27]
	10	21	1000	27	26	[1, 9]
	10	22	690	25	17	[27, 1]
	10	23	685	3	2	[1, 9]
	10	24	42	24	1	[27, 1]
	10	25	577	16	9	[9, 1]
	10	26	769	4	3	[9, 1]
	10	27	913	9	8	[9, 1]
	10	28	316	13	4	[27, 1]
	10	29	320	16	5	[9, 1]
	10	30	551	13	7	[27, 1]
	10	31	357	23	8	[1, 9]
	10	32	600	17	10	[9, 1]
	10	33	221	14	3	[1, 9]
	10	34	262	27	7	[1, 9]
	10	35	585	7	4	[1, 27]
	10	36	859	25	21	[27, 1]
	10	37	105	10	1	[1, 9]
	10	38	1008	1	1	[27, 1]
	10	39	53	19	1	[1, 27]
	10	40	842	17	14	[9, 1]
	10	41	638	8	5	[9, 1]
	10	42	856	6	5	[1, 27]
	10	43	182	17	3	[9, 1]
	10	44	410	5	2	[9, 1]
	10	45	414	27	11	[1, 9]
	10	46	517	2	1	[1, 9]
	10	47	144	7	1	[1, 27]
	10	48	441	7	3	[1, 27]
	10	49	426	12	5	[27, 1]
	11	0	931	11	10	[1, 9]
	11	1	585	7	4	[1, 27]
	11	2	720	27	19	[1, 9]
	11	3	149	27	4	[1, 9]
	11	4	28	27	1	[1, 9]
	11	5	43	24	1	[27, 1]
	11	6	423	17	7	[9, 1]
	11	7	595	19	11	[1, 27]
	11	8	431	19	8	[1, 27]
	11	9	339	3	1	[1, 9]
	11	10	836	27	22	[1, 9]
	11	11	820	5	4	[9, 1]
	11	12	1020	1	1	[27, 1]
	11	13	1016	1	1	[27, 1]
	11	14	66	16	1	[9, 1]
	11	15	594	19	11	[1, 27]
	11	16	4	1	0	[27, 1]
	11	17	28	27	1	[1, 9]
	11	18	369	25	9	[27, 1]
	11	19	955	15	14	[1, 9]
	11	20	129	8	1	[9, 1]
	11	21	14	1	0	[27, 1]
	11	22	921	10	9	[1, 9]
	11	23	56	18	1	[1, 27]
	11	24	189	27	5	[1, 9]
	11	25	615	5	3	[9, 1]
	11	26	857	25	21	[27, 1]
	11	27	306	10	3	[1, 9]
	11	28	48	21	1	[9, 1]
	11	29	831	16	13	[9, 1]
	11	30	407	5	2	[9, 1]
	11	31	615	5	3	[9, 1]
	11	32	194	21	4	[9, 1]
	11	33	245	25	6	[27, 1]
	11	34	954	15	14	[1, 9]
	11	35	399	18	7	[1, 27]
	11	36	663	17	11	[9, 1]
	11	37	919	10	9	[1, 9]
	11	38	302	17	5	[9, 1]
	11	39	477	15	7	[1, 9]
	11	40	509	2	1	[1, 9]
	11	41	603	17	10	[9, 1]
	11	42	488	21	10	[9, 1]
	11	43	157	13	2	[27, 1]
	11	44	957	15	14	[1, 9]
	11	45	543	17	9	[9, 1]
	11	46	795	9	7	[9, 1]
	11	47	690	25	17	[27, 1]
	11	48	358	20	7	[9, 1]
	11	49	593	19	11	[1, 27]
	12	0	12	1	0	[27, 1]
	12	1	171	6	1	[1, 27]
	12	2	50	20	1	[9, 1]
	12	3	143	7	1	[1, 27]
	12	4	227	9	2	[9, 1]
	12	5	536	21	11	[9, 1]
	12	6	640	8	5	[9, 1]
	12	7	908	26	23	[1, 9]
	12	8	869	20	17	[9, 1]
	12	9	297	24	7	[27, 1]
	12	10	554	24	13	[27, 1]
	12	11	993	27	26	[1, 9]
	12	12	50	20	1	[9, 1]
	12	13	471	13	6	[27, 1]
	12	14	239	17	4	[9, 1]
	12	15	983	25	24	[27, 1]
	12	16	673	26	17	[1, 9]
	12	17	5	1	0	[27, 1]
	12	18	475	13	6	[27, 1]
	12	19	98	21	2	[9, 1]
	12	20	746	11	8	[1, 9]
	12	21	821	5	4	[9, 1]
	12	22	964	17	16	[9, 1]
	12	23	251	4	1	[9, 1]
	12	24	757	23	17	[1, 9]
	12	25	464	11	5	[1, 9]
	12	26	994	27	26	[1, 9]
	12	27	109	19	2	[1, 27]
	12	28	313	23	7	[1, 9]
	12	29	686	3	2	[1, 9]
	12	30	314	13	4	[27, 1]
	12	31	419	22	9	[1, 9]
	12	32	325	22	7	[1, 9]
	12	33	729	7	5	[1, 27]
	12	34	631	13	8	[27, 1]
	12	35	53	19	1	[1, 27]
	12	36	822	5	4	[9, 1]
	12	37	974	20	19	[9, 1]
	12	38	116	26	3	[1, 9]
	12	39	223	23	5	[1, 9]
	12	40	899	25	22	[27, 1]
	12	41	5	1	0	[27, 1]
	12	42	388	21	8	[9, 1]
	12	43	781	21	16	[9, 1]
	12	44	233	22	5	[1, 9]
	12	45	1008	1	1	[27, 1]
	12	46	757	23	17	[1, 9]
	12	47	316	13	4	[27, 1]
	12	48	48	21	1	[9, 1]
	12	49	833	16	13	[9, 1]
	13	0	433	26	11	[1, 9]
	13	1	167	25	4	[27, 1]
	13	2	75	27	2	[1, 9]
	13	3	803	14	11	[1, 9]
	13	4	105	10	1	[1, 9]
	13	5	965	17	16	[9, 1]
	13	6	256	4	1	[9, 1]
	13	7	873	27	23	[1, 9]
	13	8	560	11	6	[1, 9]
	13	9	832	16	13	[9, 1]
	13	10	717	10	7	[1, 9]
	13	11	625	18	11	[1, 27]
	13	12	468	24	11	[27, 1]
	13	13	595	19	11	[1, 27]
	13	14	244	21	5	[9, 1]
	13	15	306	10	3	[1, 9]
	13	16	598	12	7	[27, 1]
	13	17	385	8	3	[9, 1]
	13	18	416	27	11	[1, 9]
	13	19	924	10	9	[1, 9]
	13	20	841	17	14	[9, 1]
	13	21	792	22	17	[1, 9]
	13	22	1009	1	1	[27, 1]
	13	23	28	27	1	[1, 9]
	13	24	861	25	21	[27, 1]
	13	25	759	27	20	[1, 9]
	13	26	725	24	17	[27, 1]
	13	27	15	1	0	[27, 1]
	13	28	581	23	13	[1, 9]
	13	29	761	27	20	[1, 9]
	13	30	865	13	11	[27, 1]
	13	31	83	25	2	[27, 1]
	13	32	438	7	3	[1, 27]
	13	33	246	25	6	[27, 1]
	13	34	472	13	6	[27, 1]
	13	35	175	23	4	[1, 9]
	13	36	853	6	5	[1, 27]
	13	37	244	21	5	[9, 1]
	13	38	61	17	1	[9, 1]
	13	39	762	27	20	[1, 9]
	13	40	727	24	17	[27, 1]
	13	41	350	26	9	[1, 9]
	13	42	196	26	5	[1, 9]
	13	43	741	18	13	[1, 27]
	13	44	708	13	9	[27, 1]
	13	45	216	19	4	[1, 27]
	13	46	18	1	0	[27, 1]
	13	47	862	19	16	[1, 27]
	13	48	328	25	8	[27, 1]
	13	49	842	17	14	[9, 1]
	14	0	481	17	8	[9, 1]
	14	1	825	26	21	[1, 9]
	14	2	466	11	5	[1, 9]
	14	3	685	3	2	[1, 9]
	14	4	1022	1	1	[27, 1]
	14	5	154	20	3	[9, 1]
	14	6	622	23	14	[1, 9]
	14	7	667	23	15	[1, 9]
	14	8	972	20	19	[9, 1]
	14	9	19	27	1	[1, 9]
	14	10	577	16	9	[9, 1]
	14	11	789	13	10	[27, 1]
	14	12	749	26	19	[1, 9]
	14	13	816	5	4	[9, 1]
	14	14	299	24	7	[27, 1]
	14	15	79	13	1	[27, 1]
	14	16	707	13	9	[27, 1]
	14	17	750	15	11	[1, 9]
	14	18	306	10	3	[1, 9]
	14	19	530	27	14	[1, 9]
	14	20	224	23	5	[1, 9]
	14	21	946	13	12	[27, 1]
	14	22	512	2	1	[1, 9]
	14	23	712	23	16	[1, 9]
	14	24	798	9	7	[9, 1]
	14	25	380	27	10	[1, 9]
	14	26	672	26	17	[1, 9]
	14	27	184	11	2	[1, 9]
	14	28	426	12	5	[27, 1]
	14	29	223	23	5	[1, 9]
	14	30	190	27	5	[1, 9]
	14	31	660	14	9	[1, 9]
	14	32	131	23	3	[1, 9]
	14	33	978	22	21	[1, 9]
	14	34	425	12	5	[27, 1]
	14	35	272	15	4	[1, 9]
	14	36	757	23	17	[1, 9]
	14	37	164	25	4	[27, 1]
	14	38	679	3	2	[1, 9]
	14	39	980	23	22	[1, 9]
	14	40	389	21	8	[9, 1]
	14	41	918	19	17	[1, 27]
	14	42	263	27	7	[1, 9]
	14	43	191	16	3	[9, 1]
	14	44	1016	1	1	[27, 1]
	14	45	101	10	1	[1, 9]
	14	46	589	26	15	[1, 9]
	14	47	840	11	9	[1, 9]
	14	48	599	12	7	[27, 1]
	14	49	746	11	8	[1, 9]
	15	0	442	7	3	[1, 27]
	15	1	1021	1	1	[27, 1]
	15	2	356	23	8	[1, 9]
	15	3	84	12	1	[27, 1]
	15	4	544	17	9	[9, 1]
	15	5	138	15	2	[1, 9]
	15	6	68	15	1	[1, 9]
	15	7	736	25	18	[27, 1]
	15	8	342	3	1	[1, 9]
	15	9	560	11	6	[1, 9]
	15	10	88	23	2	[1, 9]
	15	11	222	23	5	[1, 9]
	15	12	601	17	10	[9, 1]
	15	13	686	3	2	[1, 9]
	15	14	256	4	1	[9, 1]
	15	15	446	23	10	[1, 9]
	15	16	351	26	9	[1, 9]
	15	17	974	20	19	[9, 1]
	15	18	479	15	7	[1, 9]
	15	19	906	26	23	[1, 9]
	15	20	46	22	1	[1, 9]
	15	21	61	17	1	[9, 1]
	15	22	807	19	15	[1, 27]
	15	23	834	27	22	[1, 9]
	15	24	245	25	6	[27, 1]
	15	25	994	27	26	[1, 9]
	15	26	302	17	5	[9, 1]
	15	27	941	25	23	[27, 1]
	15	28	801	23	18	[1, 9]
	15	29	689	3	2	[1, 9]
	15	30	647	19	12	[1, 27]
	15	31	183	17	3	[9, 1]
	15	32	659	14	9	[1, 9]
	15	33	812	24	19	[27, 1]
	15	34	672	26	17	[1, 9]
	15	35	478	15	7	[1, 9]
	15	36	945	13	12	[27, 1]
	15	37	903	17	15	[9, 1]
	15	38	124	25	3	[27, 1]
	15	39	455	9	4	[9, 1]
	15	40	282	18	5	[1, 27]
	15	41	401	23	9	[1, 9]
	15	42	921	10	9	[1, 9]
	15	43	590	26	15	[1, 9]
	15	44	24	27	1	[1, 9]
	15	45	840	11	9	[1, 9]
	15	46	833	16	13	[9, 1]
	15	47	510	2	1	[1, 9]
	15	48	387	8	3	[9, 1]
	15	49	184	11	2	[1, 9]
	16	0	419	22	9	[1, 9]
	16	1	408	5	2	[9, 1]
	16	2	233	22	5	[1, 9]
	16	3	93	11	1	[1, 9]
	16	4	842	17	14	[9, 1]
	16	5	955	15	14	[1, 9]
	16	6	729	7	5	[1, 27]
	16	7	836	27	22	[1, 9]
	16	8	847	23	19	[1, 9]
	16	9	150	27	4	[1, 9]
	16	10	118	26	3	[1, 9]
	16	11	750	15	11	[1, 9]
	16	12	146	7	1	[1, 27]
	16	13	446	23	10	[1, 9]
	16	14	570	9	5	[9, 1]
	16	15	819	5	4	[9, 1]
	16	16	400	23	9	[1, 9]
	16	17	617	5	3	[9, 1]
	16	18	565	20	11	[9, 1]
	16	19	1022	1	1	[27, 1]
	16	20	836	27	22	[1, 9]
	16	21	904	17	15	[9, 1]
	16	22	38	27	1	[1, 9]
	16	23	693	25	17	[27, 1]
	16	24	671	26	17	[1, 9]
	16	25	681	3	2	[1, 9]
	16	26	120	17	2	[9, 1]
	16	27	51	20	1	[9, 1]
	16	28	887	15	13	[1, 9]
	16	29	109	19	2	[1, 27]
	16	30	209	5	1	[9, 1]
	16	31	83	25	2	[27, 1]
	16	32	549	13	7	[27, 1]
	16	33	1013	1	1	[27, 1]
	16	34	686	3	2	[1, 9]
	16	35	490	23	11	[1, 9]
	16	36	176	23	4	[1, 9]
	16	37	775	25	19	[27, 1]
	16	38	256	4	1	[9, 1]
	16	39	924	10	9	[1, 9]
	16	40	197	26	5	[1, 9]
	16	41	525	27	14	[1, 9]
	16	42	157	13	2	[27, 1]
	16	43	254	4	1	[9, 1]
	16	44	1007	1	1	[27, 1]
	16	45	660	14	9	[1, 9]
	16	46	640	8	5	[9, 1]
	16	47	252	4	1	[9, 1]
	16	48	779	25	19	[27, 1]
	16	49	239	17	4	[9, 1]
	17	0	914	19	17	[1, 27]
	17	1	306	10	3	[1, 9]
	17	2	648	19	12	[1, 27]
	17	3	288	25	7	[27, 1]
	17	4	8	1	0	[27, 1]
	17	5	1021	1	1	[27, 1]
	17	6	267	23	6	[1, 9]
	17	7	896	8	7	[9, 1]
	17	8	184	11	2	[1, 9]
	17	9	787	13	10	[27, 1]
	17	10	336	3	1	[1, 9]
	17	11	816	5	4	[9, 1]
	17	12	244	21	5	[9, 1]
	17	13	27	27	1	[1, 9]
	17	14	487	21	10	[9, 1]
	17	15	421	17	7	[9, 1]
	17	16	67	15	1	[1, 9]
	17	17	244	21	5	[9, 1]
	17	18	435	26	11	[1, 9]
	17	19	405	23	9	[1, 9]
	17	20	673	26	17	[1, 9]
	17	21	631	13	8	[27, 1]
	17	22	393	13	5	[27, 1]
	17	23	60	17	1	[9, 1]
	17	24	1010	1	1	[27, 1]
	17	25	53	19	1	[1, 27]
	17	26	649	19	12	[1, 27]
	17	27	93	11	1	[1, 9]
	17	28	940	12	11	[27, 1]
	17	29	944	13	12	[27, 1]
	17	30	220	14	3	[1, 9]
	17	31	942	25	23	[27, 1]
	17	32	376	19	7	[1, 27]
	17	33	752	15	11	[1, 9]
	17	34	321	16	5	[9, 1]
	17	35	436	26	11	[1, 9]
	17	36	904	17	15	[9, 1]
	17	37	331	25	8	[27, 1]
	17	38	424	17	7	[9, 1]
	17	39	289	25	7	[27, 1]
	17	40	252	4	1	[9, 1]
	17	41	300	17	5	[9, 1]
	17	42	418	27	11	[1, 9]
	17	43	556	24	13	[27, 1]
	17	44	666	20	13	[9, 1]
	17	45	371	11	4	[1, 9]
	17	46	701	19	13	[1, 27]
	17	47	401	23	9	[1, 9]
	17	48	364	14	5	[1, 9]
	17	49	400	23	9	[1, 9]
	18	0	978	22	21	[1, 9]
	18	1	218	14	3	[1, 9]
	18	2	381	27	10	[1, 9]
	18	3	679	3	2	[1, 9]
	18	4	786	13	10	[27, 1]
	18	5	933	23	21	[1, 9]
	18	6	350	26	9	[1, 9]
	18	7	522	27	14	[1, 9]
	18	8	424	17	7	[9, 1]
	18	9	164	25	4	[27, 1]
	18	10	176	23	4	[1, 9]
	18	11	15	1	0	[27, 1]
	18	12	845	23	19	[1, 9]
	18	13	886	15	13	[1, 9]
	18	14	198	26	5	[1, 9]
	18	15	123	25	3	[27, 1]
	18	16	328	25	8	[27, 1]
	18	17	589	26	15	[1, 9]
	18	18	758	27	20	[1, 9]
	18	19	12	1	0	[27, 1]
	18	20	762	27	20	[1, 9]
	18	21	954	15	14	[1, 9]
	18	22	800	23	18	[1, 9]
	18	23	181	17	3	[9, 1]
	18	24	611	5	3	[9, 1]
	18	25	555	24	13	[27, 1]
	18	26	393	13	5	[27, 1]
	18	27	250	25	6	[27, 1]
	18	28	773	4	3	[9, 1]
	18	29	765	4	3	[9, 1]
	18	30	240	17	4	[9, 1]
	18	31	474	13	6	[27, 1]
	18	32	99	21	2	[9, 1]
	18	33	667	23	15	[1, 9]
	18	34	831	16	13	[9, 1]
	18	35	619	23	14	[1, 9]
	18	36	448	16	7	[9, 1]
	18	37	418	27	11	[1, 9]
	18	38	389	21	8	[9, 1]
	18	39	963	17	16	[9, 1]
	18	40	797	9	7	[9, 1]
	18	41	8	1	0	[27, 1]
	18	42	403	23	9	[1, 9]
	18	43	686	3	2	[1, 9]
	18	44	328	25	8	[27, 1]
	18	45	915	19	17	[1, 27]
	18	46	58	18	1	[1, 27]
	18	47	283	18	5	[1, 27]
	18	48	334	25	8	[27, 1]
	18	49	304	27	8	[1, 9]
	19	0	412	5	2	[9, 1]
	19	1	99	21	2	[9, 1]
	19	2	951	14	13	[1, 9]
	19	3	762	27	20	[1, 9]
	19	4	362	17	6	[9, 1]
	19	5	483	17	8	[9, 1]
	19	6	1004	27	26	[1, 9]
	19	7	467	11	5	[1, 9]
	19	8	805	14	11	[1, 9]
	19	9	288	25	7	[27, 1]
	19	10	445	23	10	[1, 9]
	19	11	557	11	6	[1, 9]
	19	12	510	2	1	[1, 9]
	19	13	37	27	1	[1, 9]
	19	14	336	3	1	[1, 9]
	19	15	263	27	7	[1, 9]
	19	16	564	20	11	[9, 1]
	19	17	987	27	26	[1, 9]
	19	18	621	23	14	[1, 9]
	19	19	598	12	7	[27, 1]
	19	20	632	13	8	[27, 1]
	19	21	723	17	12	[9, 1]
	19	22	557	11	6	[1, 9]
	19	23	406	5	2	[9, 1]
	19	24	230	9	2	[9, 1]
	19	25	410	5	2	[9, 1]
	19	26	261	27	7	[1, 9]
	19	27	705	16	11	[9, 1]
	19	28	146	7	1	[1, 27]
	19	29	794	9	7	[9, 1]
	19	30	528	27	14	[1, 9]
	19	31	1005	27	26	[1, 9]
	19	32	358	20	7	[9, 1]
	19	33	915	19	17	[1, 27]
	19	34	510	2	1	[1, 9]
	19	35	974	20	19	[9, 1]
	19	36	31	27	1	[1, 9]
	19	37	639	8	5	[9, 1]
	19	38	783	17	13	[9, 1]
	19	39	679	3	2	[1, 9]
	19	40	725	24	17	[27, 1]
	19	41	162	19	3	[1, 27]
	19	42	382	8	3	[9, 1]
	19	43	735	25	18	[27, 1]
	19	44	294	7	2	[1, 27]
	19	45	406	5	2	[9, 1]
	19	46	423	17	7	[9, 1]
	19	47	550	13	7	[27, 1]
	19	48	818	5	4	[9, 1]
	19	49	420	22	9	[1, 9]
	20	0	560	11	6	[1, 9]
	20	1	257	4	1	[9, 1]
	20	2	324	19	6	[1, 27]
	20	3	764	4	3	[9, 1]
	20	4	612	5	3	[9, 1]
	20	5	726	24	17	[27, 1]
	20	6	941	25	23	[27, 1]
	20	7	972	20	19	[9, 1]
	20	8	169	6	1	[1, 27]
	20	9	584	7	4	[1, 27]
	20	10	628	13	8	[27, 1]
	20	11	32	27	1	[1, 9]
	20	12	388	21	8	[9, 1]
	20	13	509	2	1	[1, 9]
	20	14	907	26	23	[1, 9]
	20	15	1012	1	1	[27, 1]
	20	16	401	23	9	[1, 9]
	20	17	989	27	26	[1, 9]
	20	18	783	17	13	[9, 1]
	20	19	34	27	1	[1, 9]
	20	20	65	16	1	[9, 1]
	20	21	230	9	2	[9, 1]
	20	22	203	5	1	[9, 1]
	20	23	491	25	12	[27, 1]
	20	24	668	23	15	[1, 9]
	20	25	37	27	1	[1, 9]
	20	26	116	26	3	[1, 9]
	20	27	782	17	13	[9, 1]
	20	28	819	5	4	[9, 1]
	20	29	784	17	13	[9, 1]
	20	30	705	16	11	[9, 1]
	20	31	159	13	2	[27, 1]
	20	32	423	17	7	[9, 1]
	20	33	428	12	5	[27, 1]
	20	34	624	23	14	[1, 9]
	20	35	620	23	14	[1, 9]
	20	36	801	23	18	[1, 9]
	20	37	937	12	11	[27, 1]
	20	38	710	13	9	[27, 1]
	20	39	262	27	7	[1, 9]
	20	40	164	25	4	[27, 1]
	20	41	173	6	1	[1, 27]
	20	42	783	17	13	[9, 1]
	20	43	543	17	9	[9, 1]
	20	44	1006	1	1	[27, 1]
	20	45	952	14	13	[1, 9]
	20	46	598	12	7	[27, 1]
	20	47	442	7	3	[1, 27]
	20	48	375	19	7	[1, 27]
	20	49	965	17	16	[9, 1]
	21	0	719	27	19	[1, 9]
	21	1	666	20	13	[9, 1]
	21	2	500	27	13	[1, 9]
	21	3	341	3	1	[1, 9]
	21	4	691	25	17	[27, 1]
	21	5	745	11	8	[1, 9]
	21	6	632	13	8	[27, 1]
	21	7	598	12	7	[27, 1]
	21	8	575	16	9	[9, 1]
	21	9	719	27	19	[1, 9]
	21	10	374	11	4	[1, 9]
	21	11	938	12	11	[27, 1]
	21	12	854	6	5	[1, 27]
	21	13	234	22	5	[1, 9]
	21	14	712	23	16	[1, 9]
	21	15	731	7	5	[1, 27]
	21	16	176	23	4	[1, 9]
	21	17	778	25	19	[27, 1]
	21	18	85	12	1	[27, 1]
	21	19	924	10	9	[1, 9]
	21	20	494	27	13	[1, 9]
	21	21	35	27	1	[1, 9]
	21	22	765	4	3	[9, 1]
	21	23	324	19	6	[1, 27]
	21	24	892	23	20	[1, 9]
	21	25	681	3	2	[1, 9]
	21	26	215	19	4	[1, 27]
	21	27	592	19	11	[1, 27]
	21	28	277	26	7	[1, 9]
	21	29	929	11	10	[1, 9]
	21	30	353	26	9	[1, 9]
	21	31	266	27	7	[1, 9]
	21	32	80	13	1	[27, 1]
	21	33	364	14	5	[1, 9]
	21	34	157	13	2	[27, 1]
	21	35	408	5	2	[9, 1]
	21	36	191	16	3	[9, 1]
	21	37	744	11	8	[1, 9]
	21	38	605	22	13	[1, 9]
	21	39	897	8	7	[9, 1]
	21	40	839	11	9	[1, 9]
	21	41	401	23	9	[1, 9]
	21	42	878	7	6	[1, 27]
	21	43	955	15	14	[1, 9]
	21	44	695	25	17	[27, 1]
	21	45	525	27	14	[1, 9]
	21	46	372	11	4	[1, 9]
	21	47	999	27	26	[1, 9]
	21	48	345	3	1	[1, 9]
	21	49	505	2	1	[1, 9]
	22	0	790	22	17	[1, 9]
	22	1	107	19	2	[1, 27]
	22	2	124	25	3	[27, 1]
	22	3	485	19	9	[1, 27]
	22	4	452	25	11	[27, 1]
	22	5	798	9	7	[9, 1]
	22	6	374	11	4	[1, 9]
	22	7	1003	27	26	[1, 9]
	22	8	921	10	9	[1, 9]
	22	9	782	17	13	[9, 1]
	22	10	596	12	7	[27, 1]
	22	11	864	19	16	[1, 27]
	22	12	614	5	3	[9, 1]
	22	13	170	6	1	[1, 27]
	22	14	790	22	17	[1, 9]
	22	15	540	19	10	[1, 27]
	22	16	132	23	3	[1, 9]
	22	17	925	21	19	[9, 1]
	22	18	552	13	7	[27, 1]
	22	19	808	19	15	[1, 27]
	22	20	452	25	11	[27, 1]
	22	21	346	3	1	[1, 9]
	22	22	461	20	9	[9, 1]
	22	23	762	27	20	[1, 9]
	22	24	984	26	25	[1, 9]
	22	25	970	19	18	[1, 27]
	22	26	629	13	8	[27, 1]
	22	27	758	27	20	[1, 9]
	22	28	278	11	3	[1, 9]
	22	29	60	17	1	[9, 1]
	22	30	773	4	3	[9, 1]
	22	31	758	27	20	[1, 9]
	22	32	210	24	5	[27, 1]
	22	33	587	7	4	[1, 27]
	22	34	235	13	3	[27, 1]
	22	35	730	7	5	[1, 27]
	22	36	834	27	22	[1, 9]
	22	37	116	26	3	[1, 9]
	22	38	1007	1	1	[27, 1]
	22	39	305	27	8	[1, 9]
	22	40	348	26	9	[1, 9]
	22	41	1007	1	1	[27, 1]
	22	42	347	3	1	[1, 9]
	22	43	737	25	18	[27, 1]
	22	44	23	27	1	[1, 9]
	22	45	244	21	5	[9, 1]
	22	46	594	19	11	[1, 27]
	22	47	120	17	2	[9, 1]
	22	48	270	19	5	[1, 27]
	22	49	389	21	8	[9, 1]
	23	0	924	10	9	[1, 9]
	23	1	488	21	10	[9, 1]
	23	2	292	7	2	[1, 27]
	23	3	253	4	1	[9, 1]
	23	4	892	23	20	[1, 9]
	23	5	579	23	13	[1, 9]
	23	6	38	27	1	[1, 9]
	23	7	818	5	4	[9, 1]
	23	8	744	11	8	[1, 9]
	23	9	690	25	17	[27, 1]
	23	10	319	16	5	[9, 1]
	23	11	148	7	1	[1, 27]
	23	12	603	17	10	[9, 1]
	23	13	252	4	1	[9, 1]
	23	14	189	27	5	[1, 9]
	23	15	61	17	1	[9, 1]
	23	16	233	22	5	[1, 9]
	23	17	123	25	3	[27, 1]
	23	18	609	27	16	[1, 9]
	23	19	871	20	17	[9, 1]
	23	20	544	17	9	[9, 1]
	23	21	618	5	3	[9, 1]
	23	22	275	26	7	[1, 9]
	23	23	304	27	8	[1, 9]
	23	24	866	13	11	[27, 1]
	23	25	415	27	11	[1, 9]
	23	26	102	10	1	[1, 9]
	23	27	328	25	8	[27, 1]
	23	28	98	21	2	[9, 1]
	23	29	176	23	4	[1, 9]
	23	30	415	27	11	[1, 9]
	23	31	278	11	3	[1, 9]
	23	32	694	25	17	[27, 1]
	23	33	152	27	4	[1, 9]
	23	34	347	3	1	[1, 9]
	23	35	21	27	1	[1, 9]
	23	36	133	23	3	[1, 9]
	23	37	156	13	2	[27, 1]
	23	38	711	23	16	[1, 9]
	23	39	618	5	3	[9, 1]
	23	40	725	24	17	[27, 1]
	23	41	92	11	1	[1, 9]
	23	42	302	17	5	[9, 1]
	23	43	572	25	14	[27, 1]
	23	44	15	1	0	[27, 1]
	23	45	490	23	11	[1, 9]
	23	46	91	23	2	[1, 9]
	23	47	647	19	12	[1, 27]
	23	48	1014	1	1	[27, 1]
	23	49	474	13	6	[27, 1]
	24	0	607	27	16	[1, 9]
	24	1	342	3	1	[1, 9]
	24	2	21	27	1	[1, 9]
	24	3	232	22	5	[1, 9]
	24	4	729	7	5	[1, 27]
	24	5	266	27	7	[1, 9]
	24	6	865	13	11	[27, 1]
	24	7	884	22	19	[1, 9]
	24	8	537	21	11	[9, 1]
	24	9	715	10	7	[1, 9]
	24	10	177	23	4	[1, 9]
	24	11	609	27	16	[1, 9]
	24	12	667	23	15	[1, 9]
	24	13	614	5	3	[9, 1]
	24	14	448	16	7	[9, 1]
	24	15	440	7	3	[1, 27]
	24	16	1012	1	1	[27, 1]
	24	17	720	27	19	[1, 9]
	24	18	567	9	5	[9, 1]
	24	19	855	6	5	[1, 27]
	24	20	825	26	21	[1, 9]
	24	21	126	8	1	[9, 1]
	24	22	623	23	14	[1, 9]
	24	23	205	5	1	[9, 1]
	24	24	750	15	11	[1, 9]
	24	25	119	26	3	[1, 9]
	24	26	10	1	0	[27, 1]
	24	27	854	6	5	[1, 27]
	24	28	191	16	3	[9, 1]
	24	29	42	24	1	[27, 1]
	24	30	95	11	1	[1, 9]
	24	31	547	15	8	[1, 9]
	24	32	831	16	13	[9, 1]
	24	33	332	25	8	[27, 1]
	24	34	963	17	16	[9, 1]
	24	35	602	17	10	[9, 1]
	24	36	77	27	2	[1, 9]
	24	37	499	27	13	[1, 9]
	24	38	528	27	14	[1, 9]
	24	39	360	17	6	[9, 1]
	24	40	248	25	6	[27, 1]
	24	41	165	25	4	[27, 1]
	24	42	687	3	2	[1, 9]
	24	43	917	19	17	[1, 27]
	24	44	597	12	7	[27, 1]
	24	45	142	22	3	[1, 9]
	24	46	634	21	13	[9, 1]
	24	47	742	18	13	[1, 27]
	24	48	804	14	11	[1, 9]
	24	49	22	27	1	[1, 9]
	25	0	565	20	11	[9, 1]
	25	1	517	2	1	[1, 9]
	25	2	833	16	13	[9, 1]
	25	3	2	1	0	[27, 1]
	25	4	121	17	2	[9, 1]
	25	5	504	2	1	[1, 9]
	25	6	944	13	12	[27, 1]
	25	7	229	9	2	[9, 1]
	25	8	119	26	3	[1, 9]
	25	9	681	3	2	[1, 9]
	25	10	782	17	13	[9, 1]
	25	11	322	19	6	[1, 27]
	25	12	908	26	23	[1, 9]
	25	13	971	19	18	[1, 27]
	25	14	677	3	2	[1, 9]
	25	15	483	17	8	[9, 1]
	25	16	742	18	13	[1, 27]
	25	17	40	26	1	[1, 9]
	25	18	407	5	2	[9, 1]
	25	19	655	25	16	[27, 1]
	25	20	625	18	11	[1, 27]
	25	21	816	5	4	[9, 1]
	25	22	773	4	3	[9, 1]
	25	23	141	22	3	[1, 9]
	25	24	509	2	1	[1, 9]
	25	25	669	26	17	[1, 9]
	25	26	862	19	16	[1, 27]
	25	27	241	17	4	[9, 1]
	25	28	412	5	2	[9, 1]
	25	29	968	18	17	[1, 27]
	25	30	496	27	13	[1, 9]
	25	31	414	27	11	[1, 9]
	25	32	203	5	1	[9, 1]
	25	33	705	16	11	[9, 1]
	25	34	387	8	3	[9, 1]
	25	35	52	20	1	[9, 1]
	25	36	88	23	2	[1, 9]
	25	37	640	8	5	[9, 1]
	25	38	354	26	9	[1, 9]
	25	39	772	4	3	[9, 1]
	25	40	978	22	21	[1, 9]
	25	41	567	9	5	[9, 1]
	25	42	433	26	11	[1, 9]
	25	43	472	13	6	[27, 1]
	25	44	337	3	1	[1, 9]
	25	45	584	7	4	[1, 27]
	25	46	319	16	5	[9, 1]
	25	47	84	12	1	[27, 1]
	25	48	888	15	13	[1, 9]
	25	49	933	23	21	[1, 9]
	26	0	393	13	5	[27, 1]
	26	1	930	11	10	[1, 9]
	26	2	143	7	1	[1, 27]
	26	3	782	17	13	[9, 1]
	26	4	829	21	17	[9, 1]
	26	5	204	5	1	[9, 1]
	26	6	536	21	11	[9, 1]
	26	7	524	27	14	[1, 9]
	26	8	61	17	1	[9, 1]
	26	9	215	19	4	[1, 27]
	26	10	970	19	18	[1, 27]
	26	11	474	13	6	[27, 1]
	26	12	99	21	2	[9, 1]
	26	13	789	13	10	[27, 1]
	26	14	271	19	5	[1, 27]
	26	15	370	25	9	[27, 1]
	26	16	536	21	11	[9, 1]
	26	17	738	25	18	[27, 1]
	26	18	118	26	3	[1, 9]
	26	19	530	27	14	[1, 9]
	26	20	625	18	11	[1, 27]
	26	21	368	25	9	[27, 1]
	26	22	337	3	1	[1, 9]
	26	23	435	26	11	[1, 9]
	26	24	197	26	5	[1, 9]
	26	25	448	16	7	[9, 1]
	26	26	16	1	0	[27, 1]
	26	27	321	16	5	[9, 1]
	26	28	797	9	7	[9, 1]
	26	29	956	15	14	[1, 9]
	26	30	427	12	5	[27, 1]
	26	31	141	22	3	[1, 9]
	26	32	376	19	7	[1, 27]
	26	33	518	2	1	[1, 9]
	26	34	766	4	3	[9, 1]
	26	35	827	26	21	[1, 9]
	26	36	452	25	11	[27, 1]
	26	37	675	26	17	[1, 9]
	26	38	446	23	10	[1, 9]
	26	39	148	7	1	[1, 27]
	26	40	348	26	9	[1, 9]
	26	41	251	4	1	[9, 1]
	26	42	338	3	1	[1, 9]
	26	43	1000	27	26	[1, 9]
	26	44	799	23	18	[1, 9]
	26	45	419	22	9	[1, 9]
	26	46	540	19	10	[1, 27]
	26	47	714	23	16	[1, 9]
	26	48	289	25	7	[27, 1]
	26	49	608	27	16	[1, 9]
	27	0	437	7	3	[1, 27]
	27	1	144	7	1	[1, 27]
	27	2	515	2	1	[1, 9]
	27	3	68	15	1	[1, 9]
	27	4	962	17	16	[9, 1]
	27	5	5	1	0	[27, 1]
	27	6	719	27	19	[1, 9]
	27	7	829	21	17	[9, 1]
	27	8	682	3	2	[1, 9]
	27	9	520	2	1	[1, 9]
	27	10	27	27	1	[1, 9]
	27	11	1017	1	1	[27, 1]
	27	12	88	23	2	[1, 9]
	27	13	126	8	1	[9, 1]
	27	14	74	14	1	[1, 9]
	27	15	907	26	23	[1, 9]
	27	16	712	23	16	[1, 9]
	27	17	914	19	17	[1, 27]
	27	18	741	18	13	[1, 27]
	27	19	690	25	17	[27, 1]
	27	20	317	13	4	[27, 1]
	27	21	883	22	19	[1, 9]
	27	22	222	23	5	[1, 9]
	27	23	222	23	5	[1, 9]
	27	24	462	20	9	[9, 1]
	27	25	1022	1	1	[27, 1]
	27	26	916	19	17	[1, 27]
	27	27	821	5	4	[9, 1]
	27	28	239	17	4	[9, 1]
	27	29	447	16	7	[9, 1]
	27	30	8	1	0	[27, 1]
	27	31	72	14	1	[1, 9]
	27	32	199	26	5	[1, 9]
	27	33	315	13	4	[27, 1]
	27	34	435	26	11	[1, 9]
	27	35	312	23	7	[1, 9]
	27	36	8	1	0	[27, 1]
	27	37	970	19	18	[1, 27]
	27	38	601	17	10	[9, 1]
	27	39	140	22	3	[1, 9]
	27	40	977	22	21	[1, 9]
	27	41	848	23	19	[1, 9]
	27	42	82	25	2	[27, 1]
	27	43	117	26	3	[1, 9]
	27	44	132	23	3	[1, 9]
	27	45	64	16	1	[9, 1]
	27	46	312	23	7	[1, 9]
	27	47	130	8	1	[9, 1]
	27	48	364	14	5	[1, 9]
	27	49	125	25	3	[27, 1]
	28	0	546	15	8	[1, 9]
	28	1	855	6	5	[1, 27]
	28	2	159	13	2	[27, 1]
	28	3	66	16	1	[9, 1]
	28	4	708	13	9	[27, 1]
	28	5	770	4	3	[9, 1]
	28	6	601	17	10	[9, 1]
	28	7	944	13	12	[27, 1]
	28	8	504	2	1	[1, 9]
	28	9	183	17	3	[9, 1]
	28	10	445	23	10	[1, 9]
	28	11	159	13	2	[27, 1]
	28	12	229	9	2	[9, 1]
	28	13	823	5	4	[9, 1]
	28	14	284	18	5	[1, 27]
	28	15	535	23	12	[1, 9]
	28	16	745	11	8	[1, 9]
	28	17	411	5	2	[9, 1]
	28	18	900	25	22	[27, 1]
	28	19	81	25	2	[27, 1]
	28	20	266	27	7	[1, 9]
	28	21	314	13	4	[27, 1]
	28	22	995	27	26	[1, 9]
	28	23	573	25	14	[27, 1]
	28	24	462	20	9	[9, 1]
	28	25	928	21	19	[9, 1]
	28	26	512	2	1	[1, 9]
	28	27	55	19	1	[1, 27]
	28	28	489	23	11	[1, 9]
	28	29	559	11	6	[1, 9]
	28	30	347	3	1	[1, 9]
	28	31	448	16	7	[9, 1]
	28	32	818	5	4	[9, 1]
	28	33	491	25	12	[27, 1]
	28	34	349	26	9	[1, 9]
	28	35	814	24	19	[27, 1]
	28	36	307	10	3	[1, 9]
	28	37	330	25	8	[27, 1]
	28	38	210	24	5	[27, 1]
	28	39	597	12	7	[27, 1]
	28	40	149	27	4	[1, 9]
	28	41	898	8	7	[9, 1]
	28	42	630	13	8	[27, 1]
	28	43	169	6	1	[1, 27]
	28	44	760	27	20	[1, 9]
	28	45	930	11	10	[1, 9]
	28	46	10	1	0	[27, 1]
	28	47	919	10	9	[1, 9]
	28	48	343	3	1	[1, 9]
	28	49	813	24	19	[27, 1]
	29	0	926	21	19	[9, 1]
	29	1	819	5	4	[9, 1]
	29	2	709	13	9	[27, 1]
	29	3	548	15	8	[1, 9]
	29	4	212	24	5	[27, 1]
	29	5	810	24	19	[27, 1]
	29	6	478	15	7	[1, 9]
	29	7	130	8	1	[9, 1]
	29	8	186	11	2	[1, 9]
	29	9	244	21	5	[9, 1]
	29	10	108	19	2	[1, 27]
	29	11	141	22	3	[1, 9]
	29	12	806	14	11	[1, 9]
	29	13	141	22	3	[1, 9]
	29	14	559	11	6	[1, 9]
	29	15	376	19	7	[1, 27]
	29	16	875	27	23	[1, 9]
	29	17	444	23	10	[1, 9]
	29	18	746	11	8	[1, 9]
	29	19	851	6	5	[1, 27]
	29	20	345	3	1	[1, 9]
	29	21	240	17	4	[9, 1]
	29	22	71	14	1	[1, 9]
	29	23	884	22	19	[1, 9]
	29	24	319	16	5	[9, 1]
	29	25	1002	27	26	[1, 9]
	29	26	937	12	11	[27, 1]
	29	27	862	19	16	[1, 27]
	29	28	681	3	2	[1, 9]
	29	29	165	25	4	[27, 1]
	29	30	573	25	14	[27, 1]
	29	31	538	19	10	[1, 27]
	29	32	578	23	13	[1, 9]
	29	33	933	23	21	[1, 9]
	29	34	485	19	9	[1, 27]
	29	35	408	5	2	[9, 1]
	29	36	234	22	5	[1, 9]
	29	37	640	8	5	[9, 1]
	29	38	417	27	11	[1, 9]
	29	39	595	19	11	[1, 27]
	29	40	213	24	5	[27, 1]
	29	41	514	2	1	[1, 9]
	29	42	449	16	7	[9, 1]
	29	43	901	25	22	[27, 1]
	29	44	221	14	3	[1, 9]
	29	45	201	5	1	[9, 1]
	29	46	244	21	5	[9, 1]
	29	47	616	5	3	[9, 1]
	29	48	60	17	1	[9, 1]
	29	49	255	4	1	[9, 1]
	30	0	1004	27	26	[1, 9]
	30	1	681	3	2	[1, 9]
	30	2	654	25	16	[27, 1]
	30	3	1015	1	1	[27, 1]
	30	4	965	17	16	[9, 1]
	30	5	403	23	9	[1, 9]
	30	6	70	15	1	[1, 9]
	30	7	554	24	13	[27, 1]
	30	8	119	26	3	[1, 9]
	30	9	850	6	5	[1, 27]
	30	10	805	14	11	[1, 9]
	30	11	857	25	21	[27, 1]
	30	12	734	7	5	[1, 27]
	30	13	193	16	3	[9, 1]
	30	14	615	5	3	[9, 1]
	30	15	53	19	1	[1, 27]
	30	16	807	19	15	[1, 27]
	30	17	984	26	25	[1, 9]
	30	18	922	10	9	[1, 9]
	30	19	857	25	21	[27, 1]
	30	20	752	15	11	[1, 9]
	30	21	518	2	1	[1, 9]
	30	22	277	26	7	[1, 9]
	30	23	571	9	5	[9, 1]
	30	24	670	26	17	[1, 9]
	30	25	13	1	0	[27, 1]
	30	26	82	25	2	[27, 1]
	30	27	441	7	3	[1, 27]
	30	28	757	23	17	[1, 9]
	30	29	827	26	21	[1, 9]
	30	30	514	2	1	[1, 9]
	30	31	382	8	3	[9, 1]
	30	32	388	21	8	[9, 1]
	30	33	344	3	1	[1, 9]
	30	34	37	27	1	[1, 9]
	30	35	509	2	1	[1, 9]
	30	36	409	5	2	[9, 1]
	30	37	827	26	21	[1, 9]
	30	38	628	13	8	[27, 1]
	30	39	903	17	15	[9, 1]
	30	40	719	27	19	[1, 9]
	30	41	744	11	8	[1, 9]
	30	42	550	13	7	[27, 1]
	30	43	92	11	1	[1, 9]
	30	44	311	23	7	[1, 9]
	30	45	904	17	15	[9, 1]
	30	46	817	5	4	[9, 1]
	30	47	955	15	14	[1, 9]
	30	48	642	8	5	[9, 1]
	30	49	497	27	13	[1, 9]
	31	0	980	23	22	[1, 9]
	31	1	377	19	7	[1, 27]
	31	2	629	13	8	[27, 1]
	31	3	359	20	7	[9, 1]
	31	4	19	27	1	[1, 9]
	31	5	754	19	14	[1, 27]
	31	6	624	23	14	[1, 9]
	31	7	430	19	8	[1, 27]
	31	8	4	1	0	[27, 1]
	31	9	394	13	5	[27, 1]
	31	10	101	10	1	[1, 9]
	31	11	250	25	6	[27, 1]
	31	12	420	22	9	[1, 9]
	31	13	603	17	10	[9, 1]
	31	14	625	18	11	[1, 27]
	31	15	995	27	26	[1, 9]
	31	16	1005	27	26	[1, 9]
	31	17	230	9	2	[9, 1]
	31	18	90	23	2	[1, 9]
	31	19	545	15	8	[1, 9]
	31	20	853	6	5	[1, 27]
	31	21	865	13	11	[27, 1]
	31	22	42	24	1	[27, 1]
	31	23	204	5	1	[9, 1]
	31	24	61	17	1	[9, 1]
	31	25	164	25	4	[27, 1]
	31	26	83	25	2	[27, 1]
	31	27	840	11	9	[1, 9]
	31	28	73	14	1	[1, 9]
	31	29	34	27	1	[1, 9]
	31	30	673	26	17	[1, 9]
	31	31	796	9	7	[9, 1]
	31	32	373	11	4	[1, 9]
	31	33	581	23	13	[1, 9]
	31	34	740	18	13	[1, 27]
	31	35	481	17	8	[9, 1]
	31	36	10	1	0	[27, 1]
	31	37	221	14	3	[1, 9]
	31	38	558	11	6	[1, 9]
	31	39	725	24	17	[27, 1]
	31	40	59	17	1	[9, 1]
	31	41	247	25	6	[27, 1]
	31	42	382	8	3	[9, 1]
	31	43	361	17	6	[9, 1]
	31	44	288	25	7	[27, 1]
	31	45	298	24	7	[27, 1]
	31	46	299	24	7	[27, 1]
	31	47	283	18	5	[1, 27]
	31	48	602	17	10	[9, 1]
	31	49	871	20	17	[9, 1]
	32	0	149	27	4	[1, 9]
	32	1	784	17	13	[9, 1]
	32	2	405	23	9	[1, 9]
	32	3	957	15	14	[1, 9]
	32	4	343	3	1	[1, 9]
	32	5	691	25	17	[27, 1]
	32	6	983	25	24	[27, 1]
	32	7	527	27	14	[1, 9]
	32	8	713	23	16	[1, 9]
	32	9	944	13	12	[27, 1]
	32	10	141	22	3	[1, 9]
	32	11	513	2	1	[1, 9]
	32	12	157	13	2	[27, 1]
	32	13	368	25	9	[27, 1]
	32	14	484	19	9	[1, 27]
	32	15	123	25	3	[27, 1]
	32	16	824	26	21	[1, 9]
	32	17	372	11	4	[1, 9]
	32	18	265	27	7	[1, 9]
	32	19	53	19	1	[1, 27]
	32	20	99	21	2	[9, 1]
	32	21	835	27	22	[1, 9]
	32	22	56	18	1	[1, 27]
	32	23	958	16	15	[9, 1]
	32	24	722	17	12	[9, 1]
	32	25	507	2	1	[1, 9]
	32	26	1004	27	26	[1, 9]
	32	27	361	17	6	[9, 1]
	32	28	925	21	19	[9, 1]
	32	29	423	17	7	[9, 1]
	32	30	47	22	1	[1, 9]
	32	31	563	20	11	[9, 1]
	32	32	288	25	7	[27, 1]
	32	33	300	17	5	[9, 1]
	32	34	761	27	20	[1, 9]
	32	35	576	16	9	[9, 1]
	32	36	759	27	20	[1, 9]
	32	37	581	23	13	[1, 9]
	32	38	418	27	11	[1, 9]
	32	39	387	8	3	[9, 1]
	32	40	130	8	1	[9, 1]
	32	41	65	16	1	[9, 1]
	32	42	777	25	19	[27, 1]
	32	43	408	5	2	[9, 1]
	32	44	913	9	8	[9, 1]
	32	45	726	24	17	[27, 1]
	32	46	141	22	3	[1, 9]
	32	47	381	27	10	[1, 9]
	32	48	492	25	12	[27, 1]
	32	49	855	6	5	[1, 27]
	33	0	321	16	5	[9, 1]
	33	1	647	19	12	[1, 27]
	33	2	702	19	13	[1, 27]
	33	3	393	13	5	[27, 1]
	33	4	316	13	4	[27, 1]
	33	5	439	7	3	[1, 27]
	33	6	279	11	3	[1, 9]
	33	7	497	27	13	[1, 9]
	33	8	555	24	13	[27, 1]
	33	9	75	27	2	[1, 9]
	33	10	580	23	13	[1, 9]
	33	11	147	7	1	[1, 27]
	33	12	731	7	5	[1, 27]
	33	13	539	19	10	[1, 27]
	33	14	293	7	2	[1, 27]
	33	15	561	20	11	[9, 1]
	33	16	380	27	10	[1, 9]
	33	17	751	15	11	[1, 9]
	33	18	828	26	21	[1, 9]
	33	19	326	22	7	[1, 9]
	33	20	712	23	16	[1, 9]
	33	21	327	25	8	[27, 1]
	33	22	753	19	14	[1, 27]
	33	23	350	26	9	[1, 9]
	33	24	470	24	11	[27, 1]
	33	25	466	11	5	[1, 9]
	33	26	277	26	7	[1, 9]
	33	27	427	12	5	[27, 1]
	33	28	515	2	1	[1, 9]
	33	29	897	8	7	[9, 1]
	33	30	554	24	13	[27, 1]
	33	31	889	23	20	[1, 9]
	33	32	399	18	7	[1, 27]
	33	33	165	25	4	[27, 1]
	33	34	70	15	1	[1, 9]
	33	35	698	22	15	[1, 9]
	33	36	1010	1	1	[27, 1]
	33	37	782	17	13	[9, 1]
	33	38	688	3	2	[1, 9]
	33	39	656	25	16	[27, 1]
	33	40	790	22	17	[1, 9]
	33	41	416	27	11	[1, 9]
	33	42	1005	27	26	[1, 9]
	33	43	434	26	11	[1, 9]
	33	44	51	20	1	[9, 1]
	33	45	976	21	20	[9, 1]
	33	46	571	9	5	[9, 1]
	33	47	37	27	1	[1, 9]
	33	48	153	20	3	[9, 1]
	33	49	665	20	13	[9, 1]
	34	0	803	14	11	[1, 9]
	34	1	980	23	22	[1, 9]
	34	2	165	25	4	[27, 1]
	34	3	96	21	2	[9, 1]
	34	4	971	19	18	[1, 27]
	34	5	595	19	11	[1, 27]
	34	6	610	27	16	[1, 9]
	34	7	628	13	8	[27, 1]
	34	8	91	23	2	[1, 9]
	34	9	294	7	2	[1, 27]
	34	10	852	6	5	[1, 27]
	34	11	718	10	7	[1, 9]
	34	12	644	27	17	[1, 9]
	34	13	313	23	7	[1, 9]
	34	14	117	26	3	[1, 9]
	34	15	62	17	1	[9, 1]
	34	16	713	23	16	[1, 9]
	34	17	288	25	7	[27, 1]
	34	18	457	9	4	[9, 1]
	34	19	672	26	17	[1, 9]
	34	20	366	14	5	[1, 9]
	34	21	476	15	7	[1, 9]
	34	22	421	17	7	[9, 1]
	34	23	709	13	9	[27, 1]
	34	24	362	17	6	[9, 1]
	34	25	320	16	5	[9, 1]
	34	26	796	9	7	[9, 1]
	34	27	128	8	1	[9, 1]
	34	28	44	23	1	[1, 9]
	34	29	481	17	8	[9, 1]
	34	30	485	19	9	[1, 27]
	34	31	856	6	5	[1, 27]
	34	32	948	27	25	[1, 9]
	34	33	993	27	26	[1, 9]
	34	34	821	5	4	[9, 1]
	34	35	988	27	26	[1, 9]
	34	36	167	25	4	[27, 1]
	34	37	41	25	1	[27, 1]
	34	38	684	3	2	[1, 9]
	34	39	662	17	11	[9, 1]
	34	40	701	19	13	[1, 27]
	34	41	711	23	16	[1, 9]
	34	42	845	23	19	[1, 9]
	34	43	382	8	3	[9, 1]
	34	44	121	17	2	[9, 1]
	34	45	209	5	1	[9, 1]
	34	46	60	17	1	[9, 1]
	34	47	455	9	4	[9, 1]
	34	48	587	7	4	[1, 27]
	34	49	546	15	8	[1, 9]
	35	0	844	17	14	[9, 1]
	35	1	918	19	17	[1, 27]
	35	2	197	26	5	[1, 9]
	35	3	698	22	15	[1, 9]
	35	4	119	26	3	[1, 9]
	35	5	978	22	21	[1, 9]
	35	6	1013	1	1	[27, 1]
	35	7	80	13	1	[27, 1]
	35	8	697	25	17	[27, 1]
	35	9	809	19	15	[1, 27]
	35	10	619	23	14	[1, 9]
	35	11	63	16	1	[9, 1]
	35	12	638	8	5	[9, 1]
	35	13	1007	1	1	[27, 1]
	35	14	748	26	19	[1, 9]
	35	15	287	25	7	[27, 1]
	35	16	922	10	9	[1, 9]
	35	17	395	13	5	[27, 1]
	35	18	542	17	9	[9, 1]
	35	19	670	26	17	[1, 9]
	35	20	335	3	1	[1, 9]
	35	21	864	19	16	[1, 27]
	35	22	528	27	14	[1, 9]
	35	23	450	25	11	[27, 1]
	35	24	603	17	10	[9, 1]
	35	25	687	3	2	[1, 9]
	35	26	916	19	17	[1, 27]
	35	27	441	7	3	[1, 27]
	35	28	668	23	15	[1, 9]
	35	29	318	16	5	[9, 1]
	35	30	205	5	1	[9, 1]
	35	31	187	11	2	[1, 9]
	35	32	46	22	1	[1, 9]
	35	33	595	19	11	[1, 27]
	35	34	587	7	4	[1, 27]
	35	35	664	17	11	[9, 1]
	35	36	172	6	1	[1, 27]
	35	37	559	11	6	[1, 9]
	35	38	949	27	25	[1, 9]
	35	39	301	17	5	[9, 1]
	35	40	671	26	17	[1, 9]
	35	41	882	22	19	[1, 9]
	35	42	971	19	18	[1, 27]
	35	43	693	25	17	[27, 1]
	35	44	446	23	10	[1, 9]
	35	45	988	27	26	[1, 9]
	35	46	12	1	0	[27, 1]
	35	47	761	27	20	[1, 9]
	35	48	141	22	3	[1, 9]
	35	49	5	1	0	[27, 1]
	36	0	78	13	1	[27, 1]
	36	1	831	16	13	[9, 1]
	36	2	72	14	1	[1, 9]
	36	3	627	18	11	[1, 27]
	36	4	457	9	4	[9, 1]
	36	5	799	23	18	[1, 9]
	36	6	500	27	13	[1, 9]
	36	7	509	2	1	[1, 9]
	36	8	217	19	4	[1, 27]
	36	9	422	17	7	[9, 1]
	36	10	227	9	2	[9, 1]
	36	11	1017	1	1	[27, 1]
	36	12	540	19	10	[1, 27]
	36	13	1009	1	1	[27, 1]
	36	14	734	7	5	[1, 27]
	36	15	139	22	3	[1, 9]
	36	16	649	19	12	[1, 27]
	36	17	963	17	16	[9, 1]
	36	18	251	4	1	[9, 1]
	36	19	78	13	1	[27, 1]
	36	20	547	15	8	[1, 9]
	36	21	165	25	4	[27, 1]
	36	22	276	26	7	[1, 9]
	36	23	852	6	5	[1, 27]
	36	24	173	6	1	[1, 27]
	36	25	827	26	21	[1, 9]
	36	26	825	26	21	[1, 9]
	36	27	747	26	19	[1, 9]
	36	28	451	25	11	[27, 1]
	36	29	471	13	6	[27, 1]
	36	30	488	21	10	[9, 1]
	36	31	217	19	4	[1, 27]
	36	32	315	13	4	[27, 1]
	36	33	348	26	9	[1, 9]
	36	34	535	23	12	[1, 9]
	36	35	422	17	7	[9, 1]
	36	36	1012	1	1	[27, 1]
	36	37	194	21	4	[9, 1]
	36	38	252	4	1	[9, 1]
	36	39	689	3	2	[1, 9]
	36	40	123	25	3	[27, 1]
	36	41	289	25	7	[27, 1]
	36	42	160	19	3	[1, 27]
	36	43	531	27	14	[1, 9]
	36	44	578	23	13	[1, 9]
	36	45	674	26	17	[1, 9]
	36	46	500	27	13	[1, 9]
	36	47	566	20	11	[9, 1]
	36	48	547	15	8	[1, 9]
	36	49	30	27	1	[1, 9]
	37	0	829	21	17	[9, 1]
	37	1	1002	27	26	[1, 9]
	37	2	468	24	11	[27, 1]
	37	3	518	2	1	[1, 9]
	37	4	331	25	8	[27, 1]
	37	5	261	27	7	[1, 9]
	37	6	904	17	15	[9, 1]
	37	7	271	19	5	[1, 27]
	37	8	279	11	3	[1, 9]
	37	9	388	21	8	[9, 1]
	37	10	298	24	7	[27, 1]
	37	11	921	10	9	[1, 9]
	37	12	590	26	15	[1, 9]
	37	13	277	26	7	[1, 9]
	37	14	481	17	8	[9, 1]
	37	15	321	16	5	[9, 1]
	37	16	567	9	5	[9, 1]
	37	17	829	21	17	[9, 1]
	37	18	83	25	2	[27, 1]
	37	19	666	20	13	[9, 1]
	37	20	241	17	4	[9, 1]
	37	21	770	4	3	[9, 1]
	37	22	84	12	1	[27, 1]
	37	23	722	17	12	[9, 1]
	37	24	980	23	22	[1, 9]
	37	25	93	11	1	[1, 9]
	37	26	422	17	7	[9, 1]
	37	27	914	19	17	[1, 27]
	37	28	67	15	1	[1, 9]
	37	29	35	27	1	[1, 9]
	37	30	652	11	7	[1, 9]
	37	31	42	24	1	[27, 1]
	37	32	309	10	3	[1, 9]
	37	33	45	23	1	[1, 9]
	37	34	964	17	16	[9, 1]
	37	35	953	14	13	[1, 9]
	37	36	589	26	15	[1, 9]
	37	37	668	23	15	[1, 9]
	37	38	357	23	8	[1, 9]
	37	39	831	16	13	[9, 1]
	37	40	1014	1	1	[27, 1]
	37	41	967	18	17	[1, 27]
	37	42	823	5	4	[9, 1]
	37	43	592	19	11	[1, 27]
	37	44	102	10	1	[1, 9]
	37	45	733	7	5	[1, 27]
	37	46	591	26	15	[1, 9]
	37	47	496	27	13	[1, 9]
	37	48	738	25	18	[27, 1]
	37	49	93	11	1	[1, 9]
	38	0	17	1	0	[27, 1]
	38	1	843	17	14	[9, 1]
	38	2	295	7	2	[1, 27]
	38	3	371	11	4	[1, 9]
	38	4	61	17	1	[9, 1]
	38	5	673	26	17	[1, 9]
	38	6	84	12	1	[27, 1]
	38	7	354	26	9	[1, 9]
	38	8	689	3	2	[1, 9]
	38	9	653	11	7	[1, 9]
	38	10	224	23	5	[1, 9]
	38	11	905	26	23	[1, 9]
	38	12	346	3	1	[1, 9]
	38	13	945	13	12	[27, 1]
	38	14	341	3	1	[1, 9]
	38	15	493	27	13	[1, 9]
	38	16	295	7	2	[1, 27]
	38	17	494	27	13	[1, 9]
	38	18	237	13	3	[27, 1]
	38	19	289	25	7	[27, 1]
	38	20	595	19	11	[1, 27]
	38	21	504	2	1	[1, 9]
	38	22	797	9	7	[9, 1]
	38	23	993	27	26	[1, 9]
	38	24	40	26	1	[1, 9]
	38	25	611	5	3	[9, 1]
	38	26	309	10	3	[1, 9]
	38	27	759	27	20	[1, 9]
	38	28	765	4	3	[9, 1]
	38	29	261	27	7	[1, 9]
	38	30	26	27	1	[1, 9]
	38	31	92	11	1	[1, 9]
	38	32	678	3	2	[1, 9]
	38	33	956	15	14	[1, 9]
	38	34	928	21	19	[9, 1]
	38	35	831	16	13	[9, 1]
	38	36	393	13	5	[27, 1]
	38	37	219	14	3	[1, 9]
	38	38	643	27	17	[1, 9]
	38	39	232	22	5	[1, 9]
	38	40	557	11	6	[1, 9]
	38	41	629	13	8	[27, 1]
	38	42	930	11	10	[1, 9]
	38	43	808	19	15	[1, 27]
	38	44	768	4	3	[9, 1]
	38	45	881	7	6	[1, 27]
	38	46	943	25	23	[27, 1]
	38	47	649	19	12	[1, 27]
	38	48	2	1	0	[27, 1]
	38	49	841	17	14	[9, 1]
	39	0	513	2	1	[1, 9]
	39	1	38	27	1	[1, 9]
	39	2	457	9	4	[9, 1]
	39	3	544	17	9	[9, 1]
	39	4	912	9	8	[9, 1]
	39	5	529	27	14	[1, 9]
	39	6	114	9	1	[9, 1]
	39	7	352	26	9	[1, 9]
	39	8	740	18	13	[1, 27]
	39	9	683	3	2	[1, 9]
	39	10	162	19	3	[1, 27]
	39	11	520	2	1	[1, 9]
	39	12	550	13	7	[27, 1]
	39	13	340	3	1	[1, 9]
	39	14	83	25	2	[27, 1]
	39	15	304	27	8	[1, 9]
	39	16	973	20	19	[9, 1]
	39	17	196	26	5	[1, 9]
	39	18	203	5	1	[9, 1]
	39	19	457	9	4	[9, 1]
	39	20	771	4	3	[9, 1]
	39	21	365	14	5	[1, 9]
	39	22	685	3	2	[1, 9]
	39	23	71	14	1	[1, 9]
	39	24	392	13	5	[27, 1]
	39	25	431	19	8	[1, 27]
	39	26	904	17	15	[9, 1]
	39	27	468	24	11	[27, 1]
	39	28	599	12	7	[27, 1]
	39	29	190	27	5	[1, 9]
	39	30	397	18	7	[1, 27]
	39	31	754	19	14	[1, 27]
	39	32	181	17	3	[9, 1]
	39	33	904	17	15	[9, 1]
	39	34	985	26	25	[1, 9]
	39	35	512	2	1	[1, 9]
	39	36	799	23	18	[1, 9]
	39	37	97	21	2	[9, 1]
	39	38	956	15	14	[1, 9]
	39	39	552	13	7	[27, 1]
	39	40	475	13	6	[27, 1]
	39	41	389	21	8	[9, 1]
	39	42	851	6	5	[1, 27]
	39	43	438	7	3	[1, 27]
	39	44	697	25	17	[27, 1]
	39	45	392	13	5	[27, 1]
	39	46	47	22	1	[1, 9]
	39	47	888	15	13	[1, 9]
	39	48	369	25	9	[27, 1]
	39	49	925	21	19	[9, 1]
	40	0	920	10	9	[1, 9]
	40	1	182	17	3	[9, 1]
	40	2	217	19	4	[1, 27]
	40	3	720	27	19	[1, 9]
	40	4	560	11	6	[1, 9]
	40	5	290	7	2	[1, 27]
	40	6	585	7	4	[1, 27]
	40	7	121	17	2	[9, 1]
	40	8	658	14	9	[1, 9]
	40	9	200	26	5	[1, 9]
	40	10	871	20	17	[9, 1]
	40	11	333	25	8	[27, 1]
	40	12	609	27	16	[1, 9]
	40	13	852	6	5	[1, 27]
	40	14	238	13	3	[27, 1]
	40	15	766	4	3	[9, 1]
	40	16	114	9	1	[9, 1]
	40	17	110	19	2	[1, 27]
	40	18	923	10	9	[1, 9]
	40	19	336	3	1	[1, 9]
	40	20	371	11	4	[1, 9]
	40	21	628	13	8	[27, 1]
	40	22	226	9	2	[9, 1]
	40	23	37	27	1	[1, 9]
	40	24	130	8	1	[9, 1]
	40	25	896	8	7	[9, 1]
	40	26	329	25	8	[27, 1]
	40	27	26	27	1	[1, 9]
	40	28	386	8	3	[9, 1]
	40	29	389	21	8	[9, 1]
	40	30	674	26	17	[1, 9]
	40	31	672	26	17	[1, 9]
	40	32	471	13	6	[27, 1]
	40	33	59	17	1	[9, 1]
	40	34	192	16	3	[9, 1]
	40	35	589	26	15	[1, 9]
	40	36	77	27	2	[1, 9]
	40	37	922	10	9	[1, 9]
	40	38	501	27	13	[1, 9]
	40	39	934	23	21	[1, 9]
	40	40	530	27	14	[1, 9]
	40	41	284	18	5	[1, 27]
	40	42	159	13	2	[27, 1]
	40	43	628	13	8	[27, 1]
	40	44	397	18	7	[1, 27]
	40	45	410	5	2	[9, 1]
	40	46	372	11	4	[1, 9]
	40	47	361	17	6	[9, 1]
	40	48	392	13	5	[27, 1]
	40	49	92	11	1	[1, 9]
	41	0	638	8	5	[9, 1]
	41	1	749	26	19	[1, 9]
	41	2	920	10	9	[1, 9]
	41	3	956	15	14	[1, 9]
	41	4	644	27	17	[1, 9]
	41	5	106	19	2	[1, 27]
	41	6	591	26	15	[1, 9]
	41	7	913	9	8	[9, 1]
	41	8	1002	27	26	[1, 9]
	41	9	586	7	4	[1, 27]
	41	10	251	4	1	[9, 1]
	41	11	98	21	2	[9, 1]
	41	12	418	27	11	[1, 9]
	41	13	915	19	17	[1, 27]
	41	14	866	13	11	[27, 1]
	41	15	548	15	8	[1, 9]
	41	16	510	2	1	[1, 9]
	41	17	146	7	1	[1, 27]
	41	18	549	13	7	[27, 1]
	41	19	787	13	10	[27, 1]
	41	20	56	18	1	[1, 27]
	41	21	950	14	13	[1, 9]
	41	22	55	19	1	[1, 27]
	41	23	799	23	18	[1, 9]
	41	24	167	25	4	[27, 1]
	41	25	824	26	21	[1, 9]
	41	26	419	22	9	[1, 9]
	41	27	680	3	2	[1, 9]
	41	28	306	10	3	[1, 9]
	41	29	762	27	20	[1, 9]
	41	30	974	20	19	[9, 1]
	41	31	1006	1	1	[27, 1]
	41	32	776	25	19	[27, 1]
	41	33	221	14	3	[1, 9]
	41	34	937	12	11	[27, 1]
	41	35	1017	1	1	[27, 1]
	41	36	950	14	13	[1, 9]
	41	37	306	10	3	[1, 9]
	41	38	91	23	2	[1, 9]
	41	39	112	9	1	[9, 1]
	41	40	787	13	10	[27, 1]
	41	41	837	11	9	[1, 9]
	41	42	899	25	22	[27, 1]
	41	43	558	11	6	[1, 9]
	41	44	340	3	1	[1, 9]
	41	45	201	5	1	[9, 1]
	41	46	513	2	1	[1, 9]
	41	47	145	7	1	[1, 27]
	41	48	728	24	17	[27, 1]
	41	49	523	27	14	[1, 9]
	42	0	277	26	7	[1, 9]
	42	1	160	19	3	[1, 27]
	42	2	31	27	1	[1, 9]
	42	3	37	27	1	[1, 9]
	42	4	896	8	7	[9, 1]
	42	5	824	26	21	[1, 9]
	42	6	866	13	11	[27, 1]
	42	7	192	16	3	[9, 1]
	42	8	606	27	16	[1, 9]
	42	9	379	27	10	[1, 9]
	42	10	825	26	21	[1, 9]
	42	11	1005	27	26	[1, 9]
	42	12	662	17	11	[9, 1]
	42	13	583	7	4	[1, 27]
	42	14	404	23	9	[1, 9]
	42	15	9	1	0	[27, 1]
	42	16	372	11	4	[1, 9]
	42	17	28	27	1	[1, 9]
	42	18	379	27	10	[1, 9]
	42	19	654	25	16	[27, 1]
	42	20	296	24	7	[27, 1]
	42	21	69	15	1	[1, 9]
	42	22	132	23	3	[1, 9]
	42	23	205	5	1	[9, 1]
	42	24	184	11	2	[1, 9]
	42	25	669	26	17	[1, 9]
	42	26	430	19	8	[1, 27]
	42	27	594	19	11	[1, 27]
	42	28	7	1	0	[27, 1]
	42	29	134	23	3	[1, 9]
	42	30	68	15	1	[1, 9]
	42	31	815	5	4	[9, 1]
	42	32	845	23	19	[1, 9]
	42	33	464	11	5	[1, 9]
	42	34	408	5	2	[9, 1]
	42	35	1005	27	26	[1, 9]
	42	36	235	13	3	[27, 1]
	42	37	58	18	1	[1, 27]
	42	38	317	13	4	[27, 1]
	42	39	577	16	9	[9, 1]
	42	40	888	15	13	[1, 9]
	42	41	142	22	3	[1, 9]
	42	42	176	23	4	[1, 9]
	42	43	472	13	6	[27, 1]
	42	44	773	4	3	[9, 1]
	42	45	606	27	16	[1, 9]
	42	46	412	5	2	[9, 1]
	42	47	516	2	1	[1, 9]
	42	48	810	24	19	[27, 1]
	42	49	871	20	17	[9, 1]
	43	0	791	22	17	[1, 9]
	43	1	733	7	5	[1, 27]
	43	2	160	19	3	[1, 27]
	43	3	474	13	6	[27, 1]
	43	4	279	11	3	[1, 9]
	43	5	590	26	15	[1, 9]
	43	6	154	20	3	[9, 1]
	43	7	567	9	5	[9, 1]
	43	8	38	27	1	[1, 9]
	43	9	873	27	23	[1, 9]
	43	10	88	23	2	[1, 9]
	43	11	432	19	8	[1, 27]
	43	12	780	21	16	[9, 1]
	43	13	798	9	7	[9, 1]
	43	14	605	22	13	[1, 9]
	43	15	859	25	21	[27, 1]
	43	16	714	23	16	[1, 9]
	43	17	718	10	7	[1, 9]
	43	18	80	13	1	[27, 1]
	43	19	945	13	12	[27, 1]
	43	20	650	11	7	[1, 9]
	43	21	655	25	16	[27, 1]
	43	22	580	23	13	[1, 9]
	43	23	817	5	4	[9, 1]
	43	24	622	23	14	[1, 9]
	43	25	274	15	4	[1, 9]
	43	26	155	20	3	[9, 1]
	43	27	947	27	25	[1, 9]
	43	28	1	1	0	[27, 1]
	43	29	562	20	11	[9, 1]
	43	30	263	27	7	[1, 9]
	43	31	177	23	4	[1, 9]
	43	32	410	5	2	[9, 1]
	43	33	49	21	1	[9, 1]
	43	34	976	21	20	[9, 1]
	43	35	427	12	5	[27, 1]
	43	36	420	22	9	[1, 9]
	43	37	104	10	1	[1, 9]
	43	38	156	13	2	[27, 1]
	43	39	87	12	1	[27, 1]
	43	40	860	25	21	[27, 1]
	43	41	269	19	5	[1, 27]
	43	42	367	14	5	[1, 9]
	43	43	23	27	1	[1, 9]
	43	44	533	25	13	[27, 1]
	43	45	765	4	3	[9, 1]
	43	46	804	14	11	[1, 9]
	43	47	411	5	2	[9, 1]
	43	48	482	17	8	[9, 1]
	43	49	491	25	12	[27, 1]
	44	0	227	9	2	[9, 1]
	44	1	670	26	17	[1, 9]
	44	2	710	13	9	[27, 1]
	44	3	647	19	12	[1, 27]
	44	4	52	20	1	[9, 1]
	44	5	883	22	19	[1, 9]
	44	6	18	1	0	[27, 1]
	44	7	507	2	1	[1, 9]
	44	8	237	13	3	[27, 1]
	44	9	964	17	16	[9, 1]
	44	10	87	12	1	[27, 1]
	44	11	372	11	4	[1, 9]
	44	12	973	20	19	[9, 1]
	44	13	952	14	13	[1, 9]
	44	14	414	27	11	[1, 9]
	44	15	10	1	0	[27, 1]
	44	16	610	27	16	[1, 9]
	44	17	206	5	1	[9, 1]
	44	18	376	19	7	[1, 27]
	44	19	146	7	1	[1, 27]
	44	20	812	24	19	[27, 1]
	44	21	1021	1	1	[27, 1]
	44	22	852	6	5	[1, 27]
	44	23	754	19	14	[1, 27]
	44	24	20	27	1	[1, 9]
	44	25	258	4	1	[9, 1]
	44	26	473	13	6	[27, 1]
	44	27	1023	1	1	[27, 1]
	44	28	793	22	17	[1, 9]
	44	29	875	27	23	[1, 9]
	44	30	52	20	1	[9, 1]
	44	31	548	15	8	[1, 9]
	44	32	868	13	11	[27, 1]
	44	33	839	11	9	[1, 9]
	44	34	695	25	17	[27, 1]
	44	35	769	4	3	[9, 1]
	44	36	762	27	20	[1, 9]
	44	37	555	24	13	[27, 1]
	44	38	214	24	5	[27, 1]
	44	39	10	1	0	[27, 1]
	44	40	153	20	3	[9, 1]
	44	41	898	8	7	[9, 1]
	44	42	828	26	21	[1, 9]
	44	43	647	19	12	[1, 27]
	44	44	462	20	9	[9, 1]
	44	45	220	14	3	[1, 9]
	44	46	304	27	8	[1, 9]
	44	47	300	17	5	[9, 1]
	44	48	98	21	2	[9, 1]
	44	49	402	23	9	[1, 9]
	45	0	95	11	1	[1, 9]
	45	1	384	8	3	[9, 1]
	45	2	378	19	7	[1, 27]
	45	3	24	27	1	[1, 9]
	45	4	284	18	5	[1, 27]
	45	5	117	26	3	[1, 9]
	45	6	896	8	7	[9, 1]
	45	7	305	27	8	[1, 9]
	45	8	673	26	17	[1, 9]
	45	9	187	11	2	[1, 9]
	45	10	699	22	15	[1, 9]
	45	11	531	27	14	[1, 9]
	45	12	257	4	1	[9, 1]
	45	13	406	5	2	[9, 1]
	45	14	92	11	1	[1, 9]
	45	15	396	13	5	[27, 1]
	45	16	451	25	11	[27, 1]
	45	17	163	25	4	[27, 1]
	45	18	697	25	17	[27, 1]
	45	19	364	14	5	[1, 9]
	45	20	708	13	9	[27, 1]
	45	21	656	25	16	[27, 1]
	45	22	907	26	23	[1, 9]
	45	23	212	24	5	[27, 1]
	45	24	617	5	3	[9, 1]
	45	25	194	21	4	[9, 1]
	45	26	962	17	16	[9, 1]
	45	27	1004	27	26	[1, 9]
	45	28	368	25	9	[27, 1]
	45	29	347	3	1	[1, 9]
	45	30	894	8	7	[9, 1]
	45	31	117	26	3	[1, 9]
	45	32	764	4	3	[9, 1]
	45	33	74	14	1	[1, 9]
	45	34	874	27	23	[1, 9]
	45	35	1007	1	1	[27, 1]
	45	36	897	8	7	[9, 1]
	45	37	778	25	19	[27, 1]
	45	38	479	15	7	[1, 9]
	45	39	636	21	13	[9, 1]
	45	40	648	19	12	[1, 27]
	45	41	835	27	22	[1, 9]
	45	42	62	17	1	[9, 1]
	45	43	198	26	5	[1, 9]
	45	44	55	19	1	[1, 27]
	45	45	937	12	11	[27, 1]
	45	46	421	17	7	[9, 1]
	45	47	81	25	2	[27, 1]
	45	48	456	9	4	[9, 1]
	45	49	526	27	14	[1, 9]
	46	0	334	25	8	[27, 1]
	46	1	183	17	3	[9, 1]
	46	2	698	22	15	[1, 9]
	46	3	452	25	11	[27, 1]
	46	4	922	10	9	[1, 9]
	46	5	897	8	7	[9, 1]
	46	6	254	4	1	[9, 1]
	46	7	34	27	1	[1, 9]
	46	8	623	23	14	[1, 9]
	46	9	536	21	11	[9, 1]
	46	10	174	6	1	[1, 27]
	46	11	807	19	15	[1, 27]
	46	12	145	7	1	[1, 27]
	46	13	783	17	13	[9, 1]
	46	14	306	10	3	[1, 9]
	46	15	648	19	12	[1, 27]
	46	16	614	5	3	[9, 1]
	46	17	871	20	17	[9, 1]
	46	18	129	8	1	[9, 1]
	46	19	232	22	5	[1, 9]
	46	20	92	11	1	[1, 9]
	46	21	984	26	25	[1, 9]
	46	22	780	21	16	[9, 1]
	46	23	889	23	20	[1, 9]
	46	24	512	2	1	[1, 9]
	46	25	978	22	21	[1, 9]
	46	26	296	24	7	[27, 1]
	46	27	954	15	14	[1, 9]
	46	28	319	16	5	[9, 1]
	46	29	317	13	4	[27, 1]
	46	30	540	19	10	[1, 27]
	46	31	762	27	20	[1, 9]
	46	32	681	3	2	[1, 9]
	46	33	486	19	9	[1, 27]
	46	34	220	14	3	[1, 9]
	46	35	951	14	13	[1, 9]
	46	36	150	27	4	[1, 9]
	46	37	383	8	3	[9, 1]
	46	38	527	27	14	[1, 9]
	46	39	150	27	4	[1, 9]
	46	40	885	22	19	[1, 9]
	46	41	322	19	6	[1, 27]
	46	42	47	22	1	[1, 9]
	46	43	830	21	17	[9, 1]
	46	44	149	27	4	[1, 9]
	46	45	868	13	11	[27, 1]
	46	46	320	16	5	[9, 1]
	46	47	977	22	21	[1, 9]
	46	48	446	23	10	[1, 9]
	46	49	194	21	4	[9, 1]
	47	0	473	13	6	[27, 1]
	47	1	970	19	18	[1, 27]
	47	2	285	18	5	[1, 27]
	47	3	579	23	13	[1, 9]
	47	4	190	27	5	[1, 9]
	47	5	919	10	9	[1, 9]
	47	6	746	11	8	[1, 9]
	47	7	212	24	5	[27, 1]
	47	8	351	26	9	[1, 9]
	47	9	363	17	6	[9, 1]
	47	10	472	13	6	[27, 1]
	47	11	374	11	4	[1, 9]
	47	12	708	13	9	[27, 1]
	47	13	695	25	17	[27, 1]
	47	14	374	11	4	[1, 9]
	47	15	276	26	7	[1, 9]
	47	16	857	25	21	[27, 1]
	47	17	536	21	11	[9, 1]
	47	18	398	18	7	[1, 27]
	47	19	131	23	3	[1, 9]
	47	20	612	5	3	[9, 1]
	47	21	856	6	5	[1, 27]
	47	22	553	13	7	[27, 1]
	47	23	104	10	1	[1, 9]
	47	24	73	14	1	[1, 9]
	47	25	371	11	4	[1, 9]
	47	26	67	15	1	[1, 9]
	47	27	3	1	0	[27, 1]
	47	28	920	10	9	[1, 9]
	47	29	274	15	4	[1, 9]
	47	30	198	26	5	[1, 9]
	47	31	344	3	1	[1, 9]
	47	32	92	11	1	[1, 9]
	47	33	1005	27	26	[1, 9]
	47	34	462	20	9	[9, 1]
	47	35	281	11	3	[1, 9]
	47	36	175	23	4	[1, 9]
	47	37	6	1	0	[27, 1]
	47	38	240	17	4	[9, 1]
	47	39	943	25	23	[27, 1]
	47	40	177	23	4	[1, 9]
	47	41	858	25	21	[27, 1]
	47	42	432	19	8	[1, 27]
	47	43	818	5	4	[9, 1]
	47	44	602	17	10	[9, 1]
	47	45	865	13	11	[27, 1]
	47	46	601	17	10	[9, 1]
	47	47	740	18	13	[1, 27]
	47	48	872	27	23	[1, 9]
	47	49	1019	1	1	[27, 1]
	48	0	996	27	26	[1, 9]
	48	1	575	16	9	[9, 1]
	48	2	676	26	17	[1, 9]
	48	3	119	26	3	[1, 9]
	48	4	601	17	10	[9, 1]
	48	5	406	5	2	[9, 1]
	48	6	64	16	1	[9, 1]
	48	7	102	10	1	[1, 9]
	48	8	696	25	17	[27, 1]
	48	9	449	16	7	[9, 1]
	48	10	748	26	19	[1, 9]
	48	11	808	19	15	[1, 27]
	48	12	886	15	13	[1, 9]
	48	13	569	9	5	[9, 1]
	48	14	923	10	9	[1, 9]
	48	15	919	10	9	[1, 9]
	48	16	85	12	1	[27, 1]
	48	17	833	16	13	[9, 1]
	48	18	17	1	0	[27, 1]
	48	19	856	6	5	[1, 27]
	48	20	101	10	1	[1, 9]
	48	21	587	7	4	[1, 27]
	48	22	286	25	7	[27, 1]
	48	23	1018	1	1	[27, 1]
	48	24	588	26	15	[1, 9]
	48	25	706	16	11	[9, 1]
	48	26	868	13	11	[27, 1]
	48	27	942	25	23	[27, 1]
	48	28	357	23	8	[1, 9]
	48	29	719	27	19	[1, 9]
	48	30	195	21	4	[9, 1]
	48	31	666	20	13	[9, 1]
	48	32	865	13	11	[27, 1]
	48	33	638	8	5	[9, 1]
	48	34	313	23	7	[1, 9]
	48	35	829	21	17	[9, 1]
	48	36	567	9	5	[9, 1]
	48	37	53	19	1	[1, 27]
	48	38	31	27	1	[1, 9]
	48	39	271	19	5	[1, 27]
	48	40	523	27	14	[1, 9]
	48	41	221	14	3	[1, 9]
	48	42	22	27	1	[1, 9]
	48	43	457	9	4	[9, 1]
	48	44	245	25	6	[27, 1]
	48	45	967	18	17	[1, 27]
	48	46	194	21	4	[9, 1]
	48	47	144	7	1	[1, 27]
	48	48	240	17	4	[9, 1]
	48	49	427	12	5	[27, 1]
	49	0	332	25	8	[27, 1]
	49	1	75	27	2	[1, 9]
	49	2	511	2	1	[1, 9]
	49	3	30	27	1	[1, 9]
	49	4	481	17	8	[9, 1]
	49	5	291	7	2	[1, 27]
	49	6	930	11	10	[1, 9]
	49	7	791	22	17	[1, 9]
	49	8	196	26	5	[1, 9]
	49	9	476	15	7	[1, 9]
	49	10	164	25	4	[27, 1]
	49	11	764	4	3	[9, 1]
	49	12	532	25	13	[27, 1]
	49	13	978	22	21	[1, 9]
	49	14	555	24	13	[27, 1]
	49	15	272	15	4	[1, 9]
	49	16	445	23	10	[1, 9]
	49	17	908	26	23	[1, 9]
	49	18	604	22	13	[1, 9]
	49	19	612	5	3	[9, 1]
	49	20	926	21	19	[9, 1]
	49	21	335	3	1	[1, 9]
	49	22	334	25	8	[27, 1]
	49	23	317	13	4	[27, 1]
	49	24	313	23	7	[1, 9]
	49	25	516	2	1	[1, 9]
	49	26	353	26	9	[1, 9]
	49	27	469	24	11	[27, 1]
	49	28	905	26	23	[1, 9]
	49	29	497	27	13	[1, 9]
	49	30	790	22	17	[1, 9]
	49	31	13	1	0	[27, 1]
	49	32	383	8	3	[9, 1]
	49	33	416	27	11	[1, 9]
	49	34	116	26	3	[1, 9]
	49	35	11	1	0	[27, 1]
	49	36	418	27	11	[1, 9]
	49	37	80	13	1	[27, 1]
	49	38	6	1	0	[27, 1]
	49	39	632	13	8	[27, 1]
	49	40	141	22	3	[1, 9]
	49	41	31	27	1	[1, 9]
	49	42	138	15	2	[1, 9]
	49	43	228	9	2	[9, 1]
	49	44	472	13	6	[27, 1]
	49	45	916	19	17	[1, 27]
	49	46	850	6	5	[1, 27]
	49	47	885	22	19	[1, 9]
	49	48	959	16	15	[9, 1]
	49	49	657	14	9	[1, 9]
	50	0	436	26	11	[1, 9]
	50	1	693	25	17	[27, 1]
	50	2	724	17	12	[9, 1]
	50	3	428	12	5	[27, 1]
	50	4	815	5	4	[9, 1]
	50	5	146	7	1	[1, 27]
	50	6	444	23	10	[1, 9]
	50	7	953	14	13	[1, 9]
	50	8	547	15	8	[1, 9]
	50	9	255	4	1	[9, 1]
	50	10	581	23	13	[1, 9]
	50	11	87	12	1	[27, 1]
	50	12	732	7	5	[1, 27]
	50	13	822	5	4	[9, 1]
	50	14	465	11	5	[1, 9]
	50	15	909	9	8	[9, 1]
	50	16	187	11	2	[1, 9]
	50	17	560	11	6	[1, 9]
	50	18	185	11	2	[1, 9]
	50	19	711	23	16	[1, 9]
	50	20	366	14	5	[1, 9]
	50	21	90	23	2	[1, 9]
	50	22	904	17	15	[9, 1]
	50	23	821	5	4	[9, 1]
	50	24	256	4	1	[9, 1]
	50	25	327	25	8	[27, 1]
	50	26	428	12	5	[27, 1]
	50	27	687	3	2	[1, 9]
	50	28	1022	1	1	[27, 1]
	50	29	1008	1	1	[27, 1]
	50	30	383	8	3	[9, 1]
	50	31	137	15	2	[1, 9]
	50	32	925	21	19	[9, 1]
	50	33	369	25	9	[27, 1]
	50	34	730	7	5	[1, 27]
	50	35	16	1	0	[27, 1]
	50	36	820	5	4	[9, 1]
	50	37	583	7	4	[1, 27]
	50	38	850	6	5	[1, 27]
	50	39	161	19	3	[1, 27]
	50	40	814	24	19	[27, 1]
	50	41	122	25	3	[27, 1]
	50	42	22	27	1	[1, 9]
	50	43	49	21	1	[9, 1]
	50	44	388	21	8	[9, 1]
	50	45	793	22	17	[1, 9]
	50	46	473	13	6	[27, 1]
	50	47	464	11	5	[1, 9]
	50	48	220	14	3	[1, 9]
	50	49	195	21	4	[9, 1]
	51	0	531	27	14	[1, 9]
	51	1	638	8	5	[9, 1]
	51	2	64	16	1	[9, 1]
	51	3	206	5	1	[9, 1]
	51	4	602	17	10	[9, 1]
	51	5	977	22	21	[1, 9]
	51	6	199	26	5	[1, 9]
	51	7	674	26	17	[1, 9]
	51	8	285	18	5	[1, 27]
	51	9	257	4	1	[9, 1]
	51	10	263	27	7	[1, 9]
	51	11	898	8	7	[9, 1]
	51	12	48	21	1	[9, 1]
	51	13	85	12	1	[27, 1]
	51	14	466	11	5	[1, 9]
	51	15	190	27	5	[1, 9]
	51	16	379	27	10	[1, 9]
	51	17	874	27	23	[1, 9]
	51	18	608	27	16	[1, 9]
	51	19	704	16	11	[9, 1]
	51	20	791	22	17	[1, 9]
	51	21	931	11	10	[1, 9]
	51	22	394	13	5	[27, 1]
	51	23	948	27	25	[1, 9]
	51	24	987	27	26	[1, 9]
	51	25	294	7	2	[1, 27]
	51	26	451	25	11	[27, 1]
	51	27	281	11	3	[1, 9]
	51	28	920	10	9	[1, 9]
	51	29	795	9	7	[9, 1]
	51	30	81	25	2	[27, 1]
	51	31	570	9	5	[9, 1]
	51	32	48	21	1	[9, 1]
	51	33	389	21	8	[9, 1]
	51	34	330	25	8	[27, 1]
	51	35	792	22	17	[1, 9]
	51	36	599	12	7	[27, 1]
	51	37	678	3	2	[1, 9]
	51	38	398	18	7	[1, 27]
	51	39	30	27	1	[1, 9]
	51	40	186	11	2	[1, 9]
	51	41	309	10	3	[1, 9]
	51	42	282	18	5	[1, 27]
	51	43	308	10	3	[1, 9]
	51	44	877	7	6	[1, 27]
	51	45	763	27	20	[1, 9]
	51	46	543	17	9	[9, 1]
	51	47	313	23	7	[1, 9]
	51	48	330	25	8	[27, 1]
	51	49	359	20	7	[9, 1]
	52	0	471	13	6	[27, 1]
	52	1	304	27	8	[1, 9]
	52	2	657	14	9	[1, 9]
	52	3	312	23	7	[1, 9]
	52	4	744	11	8	[1, 9]
	52	5	716	10	7	[1, 9]
	52	6	499	27	13	[1, 9]
	52	7	362	17	6	[9, 1]
	52	8	214	24	5	[27, 1]
	52	9	266	27	7	[1, 9]
	52	10	342	3	1	[1, 9]
	52	11	1021	1	1	[27, 1]
	52	12	129	8	1	[9, 1]
	52	13	617	5	3	[9, 1]
	52	14	856	6	5	[1, 27]
	52	15	752	15	11	[1, 9]
	52	16	111	9	1	[9, 1]
	52	17	670	26	17	[1, 9]
	52	18	564	20	11	[9, 1]
	52	19	533	25	13	[27, 1]
	52	20	15	1	0	[27, 1]
	52	21	505	2	1	[1, 9]
	52	22	205	5	1	[9, 1]
	52	23	522	27	14	[1, 9]
	52	24	160	19	3	[1, 27]
	52	25	304	27	8	[1, 9]
	52	26	11	1	0	[27, 1]
	52	27	710	13	9	[27, 1]
	52	28	32	27	1	[1, 9]
	52	29	864	19	16	[1, 27]
	52	30	100	10	1	[1, 9]
	52	31	962	17	16	[9, 1]
	52	32	536	21	11	[9, 1]
	52	33	220	14	3	[1, 9]
	52	34	331	25	8	[27, 1]
	52	35	953	14	13	[1, 9]
	52	36	837	11	9	[1, 9]
	52	37	82	25	2	[27, 1]
	52	38	564	20	11	[9, 1]
	52	39	76	27	2	[1, 9]
	52	40	170	6	1	[1, 27]
	52	41	951	14	13	[1, 9]
	52	42	459	20	9	[9, 1]
	52	43	630	13	8	[27, 1]
	52	44	718	10	7	[1, 9]
	52	45	359	20	7	[9, 1]
	52	46	694	25	17	[27, 1]
	52	47	941	25	23	[27, 1]
	52	48	505	2	1	[1, 9]
	52	49	415	27	11	[1, 9]
	53	0	998	27	26	[1, 9]
	53	1	113	9	1	[9, 1]
	53	2	616	5	3	[9, 1]
	53	3	125	25	3	[27, 1]
	53	4	365	14	5	[1, 9]
	53	5	382	8	3	[9, 1]
	53	6	379	27	10	[1, 9]
	53	7	854	6	5	[1, 27]
	53	8	674	26	17	[1, 9]
	53	9	631	13	8	[27, 1]
	53	10	174	6	1	[1, 27]
	53	11	663	17	11	[9, 1]
	53	12	969	19	18	[1, 27]
	53	13	921	10	9	[1, 9]
	53	14	240	17	4	[9, 1]
	53	15	361	17	6	[9, 1]
	53	16	941	25	23	[27, 1]
	53	17	388	21	8	[9, 1]
	53	18	724	17	12	[9, 1]
	53	19	138	15	2	[1, 9]
	53	20	549	13	7	[27, 1]
	53	21	458	20	9	[9, 1]
	53	22	364	14	5	[1, 9]
	53	23	86	12	1	[27, 1]
	53	24	392	13	5	[27, 1]
	53	25	694	25	17	[27, 1]
	53	26	879	7	6	[1, 27]
	53	27	895	8	7	[9, 1]
	53	28	294	7	2	[1, 27]
	53	29	234	22	5	[1, 9]
	53	30	310	23	7	[1, 9]
	53	31	778	25	19	[27, 1]
	53	32	822	5	4	[9, 1]
	53	33	711	23	16	[1, 9]
	53	34	777	25	19	[27, 1]
	53	35	747	26	19	[1, 9]
	53	36	258	4	1	[9, 1]
	53	37	681	3	2	[1, 9]
	53	38	398	18	7	[1, 27]
	53	39	122	25	3	[27, 1]
	53	40	57	18	1	[1, 27]
	53	41	603	17	10	[9, 1]
	53	42	653	11	7	[1, 9]
	53	43	948	27	25	[1, 9]
	53	44	357	23	8	[1, 9]
	53	45	515	2	1	[1, 9]
	53	46	945	13	12	[27, 1]
	53	47	440	7	3	[1, 27]
	53	48	327	25	8	[27, 1]
	53	49	585	7	4	[1, 27]
	54	0	560	11	6	[1, 9]
	54	1	600	17	10	[9, 1]
	54	2	855	6	5	[1, 27]
	54	3	329	25	8	[27, 1]
	54	4	46	22	1	[1, 9]
	54	5	955	15	14	[1, 9]
	54	6	321	16	5	[9, 1]
	54	7	298	24	7	[27, 1]
	54	8	601	17	10	[9, 1]
	54	9	622	23	14	[1, 9]
	54	10	140	22	3	[1, 9]
	54	11	443	23	10	[1, 9]
	54	12	807	19	15	[1, 27]
	54	13	790	22	17	[1, 9]
	54	14	165	25	4	[27, 1]
	54	15	280	11	3	[1, 9]
	54	16	423	17	7	[9, 1]
	54	17	361	17	6	[9, 1]
	54	18	476	15	7	[1, 9]
	54	19	1009	1	1	[27, 1]
	54	20	379	27	10	[1, 9]
	54	21	320	16	5	[9, 1]
	54	22	315	13	4	[27, 1]
	54	23	899	25	22	[27, 1]
	54	24	30	27	1	[1, 9]
	54	25	675	26	17	[1, 9]
	54	26	33	27	1	[1, 9]
	54	27	726	24	17	[27, 1]
	54	28	602	17	10	[9, 1]
	54	29	493	27	13	[1, 9]
	54	30	375	19	7	[1, 27]
	54	31	856	6	5	[1, 27]
	54	32	229	9	2	[9, 1]
	54	33	552	13	7	[27, 1]
	54	34	8	1	0	[27, 1]
	54	35	865	13	11	[27, 1]
	54	36	446	23	10	[1, 9]
	54	37	960	16	15	[9, 1]
	54	38	194	21	4	[9, 1]
	54	39	968	18	17	[1, 27]
	54	40	164	25	4	[27, 1]
	54	41	814	24	19	[27, 1]
	54	42	922	10	9	[1, 9]
	54	43	893	23	20	[1, 9]
	54	44	827	26	21	[1, 9]
	54	45	679	3	2	[1, 9]
	54	46	659	14	9	[1, 9]
	54	47	596	12	7	[27, 1]
	54	48	706	16	11	[9, 1]
	54	49	567	9	5	[9, 1]
FINAL DATA:  [[0, 43], [1, 11], [2, 14], [3, 7], [4, 3], [5, 2], [6, 4], [7, 3], [8, 0], [9, 0], [10, 0], [11, 0], [12, 1], [13, 1], [14, 1], [15, 1], [16, 0], [17, 0], [18, 0], [19, 0], [20, 0], [21, 2], [22, 1], [23, 0], [24, 2], [25, 0], [26, 0], [27, 1], [28, 1], [29, 0], [30, 0], [31, 1], [32, 0], [33, 0], [34, 0], [35, 0], [36, 0], [37, 0], [38, 1], [39, 2], [40, 0], [41, 0], [42, 0], [43, 0], [44, 0], [45, 0], [46, 1], [47, 0], [48, 0], [49, 0], [50, 0], [51, 0], [52, 2], [53, 1], [54, 0]]